0 10074

10 10
+0 +100 +200 +300 +400 +500 +600 +700 +800 +900
+1000 +1100 +1200 +1300 +1400 +1500 +1600 +1700 +1800 +1900
+2000 +2100 +2200 +2300 +2400 +2500 +2600 +2700 +2800 +2900
+3000 +3100 +3200 +3300 +3400 +3500 +3600 +3700 +3800 +3900
+4000 +4100 +4200 +4300 +4400 +4500 +4600 +4700 +4800 +4900
+5000 +5100 +5200 +5300 +5400 +5500 +5600 +5700 +5800 +5900
+6000 +6100 +6200 +6300 +6400 +6500 +6600 +6700 +6800 +6900
+7000 +7100 +7200 +7300 +7400 +7500 +7600 +7700 +7800 +7900
+8000 +8100 +8200 +8300 +8400 +8500 +8600 +8700 +8800 +8900
+9000 +9100 +9200 +9300 +9400 +9500 +9600 +9700 +9800 +9900
0 1 2 3 4 5 6 7 8 9
10 11 12 13 14 15 16 17 18 19
20 21 22 23 24 25 26 27 28 29
30 31 32 33 34 35 36 37 38 39
40 41 42 43 44 45 46 47 48 49
50 51 52 53 54 55 56 57 58 59
60 61 62 63 64 65 66 67 68 69
70 71 72 73 74 75 76 77 78 79
80 81 82 83 84 85 86 87 88 89
90 91 92 93 94 95 96 97 98 99

1 2
+0 +100 +200 +300 +400 +500 +600 +700 +800
+1000 +1100 +1200 +1300 +1400 +1500 +1600 +1700 +1800
+2000 +2100 +2200 +2300 +2400 +2500 +2600 +2700 +2800
+3000 +3100 +3200 +3300 +3400 +3500 +3600 +3700 +3800
+4000 +4100 +4200 +4300 +4400 +4500 +4600 +4700 +4800
+5000 +5100 +5200 +5300 +5400 +5500 +5600 +5700 +5800
+6000 +6100 +6200 +6300 +6400 +6500 +6600 +6700 +6800
+7000 +7100 +7200 +7300 +7400 +7500 +7600 +7700 +7800
+8000 +8100 +8200 +8300 +8400 +8500 +8600 +8700 +8800
+9000 +9100 +9200 +9300 +9400 +9500 +9600 +9700 +9800
9 100

2 1
+0 +100 +200 +300 +400 +500 +600 +700 +800 +900
+1000 +1100 +1200 +1300 +1400 +1500 +1600 +1700 +1800 +1900
+2000 +2100 +2200 +2300 +2400 +2500 +2600 +2700 +2800 +2900
+3000 +3100 +3200 +3300 +3400 +3500 +3600 +3700 +3800 +3900
+4000 +4100 +4200 +4300 +4400 +4500 +4600 +4700 +4800 +4900
+5000 +5100 +5200 +5300 +5400 +5500 +5600 +5700 +5800 +5900
+6000 +6100 +6200 +6300 +6400 +6500 +6600 +6700 +6800 +6900
+7000 +7100 +7200 +7300 +7400 +7500 +7600 +7700 +7800 +7900
+8000 +8100 +8200 +8300 +8400 +8500 +8600 +8700 +8800 +8900
90
1000

1 2
909 2000

2 1
9290
0

2 7 +10000 +10026
0 2 4 6 8 10 12
1 3 5 7 9 11 13

1 2
10000c 0

1 2
10038h 1030

3 6 +10000
-1 50 49 48 47 46
-1 -1 -1 -1 -1 45
13 40 41 42 43 44

3 1 +10000
50
51
52

1 6 +10000
57 56 55 54 53 39e

3 1 +10000
44
100
59b

4 4 +10000 +10017
58 59 60 61
62 63 64 65
66 67 68 69
70 71 72 73

1 3 +10000
65 101 74

3 1 +10000
71
102
76

-1 -1

1 9999 36?
1 10039 1?
1 10039 4?
3400 3499 4
3443 3445 32
3453 3455 32
3463 3465 32
3454 3454 3
10100 10102 16
10040 10040 16
10053 10053 16


