0 0

7 7
	+6	+12	+18	+24
+186	+192	+198	+204	+210
+372	+378	+384	+390	+396
+558	+564	+570	+576	+582
+744	+750	+756	+762	+768
0	1	2	3	4	5	6
31	32	33	34	35	36	37
62	63	64	65	66	67	68
93	94	95	96	97	98	99
124	125	126	127	128	129	130
155	156	157	158	159	160	161
186	187	188	189	190	191	192

3 7
0	1	2	3	4	5	6
-1	-1	-1	-1	-1	-1	-1
186	187	188	189	190	191	192

7 3
-1	-1	6
31	-1	37
62	-1	68
93	-1	99
124	-1	130
155	-1	161
186	-1	192

5 5
32	33	34	35	36
63	64	65	66	67
94	95	96	97	98
125	126	127	128	129
156	157	158	159	160

1 2
31 32

2 2
-1 950
30 0
