173 0

3 3
-1	-1	221b	
238c	0	73g	
358g	331h	524g	

3 3
-1	-1	-1	
-1	1	-1	
-1	-1	-1	

3 3
-1	-1	-1	
-1	2	-1	
-1	-1	-1	

3 3
-1	-1	-1	
-1	3	-1	
-1	-1	-1	

3 3
-1	-1	-1	
-1	4	-1	
-1	-1	-1	

3 3
-1	-1	-1	
-1	5	-1	
-1	-1	-1	

3 3
709h	-1	-1	
697	6	534h	
754c	479c	396d	

3 3
-1	-1	-1	
863c	7	270c	
-1	-1	-1	

3 3
-1	-1	-1	
-1	8	-1	
-1	-1	-1	

3 3
-1	-1	-1	
-1	9	-1	
-1	-1	-1	

3 3
-1	-1	282	
-1	10	974	
-1	481d	722	

3 3
-1	886d	-1	
-1	11	-1	
-1	179h	-1	

3 3
-1	-1	-1	
-1	12	-1	
-1	-1	-1	

3 3
-1	-1	-1	
-1	13	-1	
-1	-1	-1	

3 3
-1	-1	-1	
-1	14	-1	
-1	-1	-1	

3 3
-1	-1	-1	
-1	15	-1	
-1	-1	-1	

3 3
371	625b	-1	
-1	16	-1	
-1	147g	-1	

3 3
-1	-1	-1	
-1	17	-1	
-1	-1	-1	

3 3
-1	-1	-1	
-1	18	-1	
-1	-1	-1	

3 3
535g	188c	748b	
715f	19	346b	
983	239c	100g	

3 3
-1	-1	-1	
-1	20	-1	
-1	-1	-1	

3 3
-1	-1	-1	
-1	21	-1	
-1	-1	-1	

3 3
-1	489f	-1	
-1	22	-1	
-1	661e	-1	

3 3
698e	350d	845d	
143	23	516g	
514h	577g	291f	

3 3
-1	-1	-1	
-1	24	-1	
-1	-1	-1	

3 3
-1	-1	-1	
98e	25	864f	
-1	-1	-1	

3 3
-1	-1	-1	
-1	26	-1	
-1	-1	-1	

3 3
-1	-1	-1	
-1	27	-1	
-1	-1	-1	

3 3
-1	370	-1	
-1	28	-1	
-1	692g	-1	

3 3
-1	-1	-1	
-1	29	-1	
-1	-1	-1	

3 3
-1	-1	-1	
-1	30	-1	
-1	-1	-1	

3 3
-1	-1	-1	
-1	31	-1	
-1	-1	-1	

3 3
-1	-1	-1	
-1	32	-1	
-1	-1	-1	

3 3
-1	-1	-1	
-1	33	-1	
-1	-1	-1	

3 3
-1	-1	-1	
-1	34	-1	
-1	-1	-1	

3 3
-1	-1	-1	
-1	35	-1	
-1	-1	-1	

3 3
-1	-1	-1	
-1	36	-1	
-1	-1	-1	

3 3
-1	-1	-1	
-1	37	-1	
-1	-1	-1	

3 3
-1	-1	-1	
-1	38	-1	
-1	-1	-1	

3 3
907f	639e	720c	
-1	39	87g	
-1	-1	-1	

3 3
-1	-1	-1	
-1	40	-1	
-1	-1	-1	

3 3
-1	-1	-1	
-1	41	-1	
-1	-1	-1	

3 3
-1	-1	-1	
-1	42	-1	
-1	-1	-1	

3 3
-1	-1	-1	
302b	43	550e	
877f	-1	-1	

3 3
-1	-1	-1	
-1	44	-1	
-1	-1	-1	

3 3
-1	-1	-1	
-1	45	-1	
-1	-1	-1	

3 3
-1	-1	-1	
-1	46	-1	
-1	-1	-1	

3 3
-1	-1	-1	
-1	47	-1	
-1	-1	-1	

3 3
-1	-1	-1	
-1	48	-1	
-1	-1	-1	

3 3
-1	-1	-1	
-1	49	-1	
-1	-1	-1	

3 3
-1	-1	-1	
-1	50	-1	
-1	-1	-1	

3 3
553	433e	742e	
921h	51	583g	
875h	877d	302h	

3 3
-1	-1	-1	
-1	52	180g	
-1	244c	-1	

3 3
-1	-1	-1	
-1	53	-1	
-1	-1	-1	

3 3
-1	-1	-1	
-1	54	-1	
-1	-1	-1	

3 3
478g	-1	836	
164f	55	459d	
-1	-1	-1	

3 3
-1	-1	-1	
-1	56	-1	
-1	-1	-1	

3 3
-1	-1	-1	
-1	57	-1	
-1	-1	-1	

3 3
-1	-1	-1	
-1	58	-1	
-1	-1	-1	

3 3
-1	863b	-1	
-1	59	-1	
-1	71g	-1	

3 3
974c	282c	206d	
777d	60	-1	
240	93c	550	

3 3
-1	-1	-1	
-1	61	-1	
-1	-1	-1	

3 3
-1	-1	-1	
-1	62	-1	
-1	-1	-1	

3 3
-1	-1	-1	
576e	63	-1	
-1	81h	-1	

3 3
-1	-1	-1	
-1	64	-1	
-1	-1	-1	

3 3
-1	-1	-1	
-1	65	-1	
-1	-1	-1	

3 3
-1	-1	-1	
-1	66	-1	
-1	-1	-1	

3 3
-1	542h	-1	
-1	67	-1	
-1	864h	-1	

3 3
-1	-1	-1	
-1	68	-1	
-1	-1	-1	

3 3
-1	-1	-1	
-1	69	-1	
-1	-1	-1	

3 3
-1	-1	-1	
-1	70	-1	
-1	-1	-1	

3 3
-1	-1	-1	
661c	71	59c	
-1	-1	-1	

3 3
-1	992f	-1	
-1	72	-1	
-1	692d	-1	

3 3
331f	0c	-1	
524	73	221h	
-1	559h	700g	

3 3
-1	-1	-1	
-1	74	-1	
-1	-1	-1	

3 3
-1	-1	-1	
-1	75	-1	
-1	-1	-1	

3 3
-1	-1	-1	
-1	76	-1	
-1	-1	-1	

3 3
-1	-1	-1	
-1	77	-1	
-1	-1	-1	

3 3
-1	-1	-1	
-1	78	-1	
-1	-1	-1	

3 3
176f	-1	167b	
513e	79	981f	
770e	-1	925b	

3 3
-1	-1	-1	
-1	80	-1	
-1	-1	-1	

3 3
-1	-1	-1	
824h	81	63h	
-1	-1	576d	

3 3
-1	-1	-1	
-1	82	-1	
-1	-1	-1	

3 3
-1	-1	-1	
-1	83	-1	
-1	-1	-1	

3 3
-1	-1	-1	
-1	84	-1	
-1	-1	-1	

3 3
-1	-1	-1	
-1	85	-1	
-1	-1	-1	

3 3
-1	-1	-1	
-1	86	-1	
-1	-1	-1	

3 3
-1	39c	639g	
-1	87	720e	
295g	119e	190h	

3 3
-1	-1	-1	
-1	88	-1	
-1	-1	-1	

3 3
-1	-1	-1	
-1	89	-1	
-1	-1	-1	

3 3
-1	-1	-1	
-1	90	-1	
-1	-1	-1	

3 3
-1	-1	-1	
-1	91	-1	
-1	-1	-1	

3 3
-1	-1	-1	
-1	92	-1	
-1	-1	-1	

3 3
-1	550g	-1	
60g	93	-1	
777f	240g	465d	

3 3
-1	-1	-1	
-1	94	-1	
-1	-1	-1	

3 3
-1	-1	-1	
-1	95	-1	
-1	-1	-1	

3 3
-1	-1	-1	
-1	96	-1	
-1	-1	-1	

3 3
-1	-1	-1	
-1	97	-1	
-1	-1	-1	

3 3
-1	-1	310b	
25e	98	831	
-1	-1	261e	

3 3
-1	-1	-1	
-1	99	-1	
-1	-1	-1	

3 3
-1	239e	19c	
-1	100	346h	
-1	620d	202d	

3 3
372	439f	293f	
307c	101	435	
722g	523	896f	

3 3
-1	-1	-1	
-1	102	-1	
-1	-1	-1	

3 3
-1	-1	-1	
-1	103	-1	
-1	-1	-1	

3 3
-1	-1	-1	
-1	104	-1	
-1	-1	-1	

3 3
-1	-1	-1	
-1	105	-1	
-1	-1	-1	

3 3
-1	-1	-1	
-1	106	-1	
-1	-1	-1	

3 3
-1	-1	-1	
-1	107	-1	
-1	-1	-1	

3 3
-1	-1	-1	
-1	108	-1	
-1	-1	-1	

3 3
-1	-1	-1	
-1	109	-1	
-1	-1	-1	

3 3
681c	-1	-1	
568h	110	453g	
-1	354d	-1	

3 3
-1	-1	-1	
-1	111	-1	
-1	-1	-1	

3 3
-1	-1	-1	
-1	112	-1	
-1	-1	-1	

3 3
-1	-1	-1	
-1	113	-1	
-1	-1	-1	

3 3
-1	-1	-1	
272f	114	901c	
354h	-1	968g	

3 3
-1	-1	-1	
-1	115	-1	
-1	-1	-1	

3 3
-1	-1	-1	
-1	116	-1	
-1	-1	-1	

3 3
-1	-1	-1	
-1	117	-1	
-1	-1	-1	

3 3
-1	-1	-1	
-1	118	-1	
-1	-1	-1	

3 3
925g	156b	-1	
190d	119	295c	
720	87e	-1	

3 3
-1	-1	-1	
-1	120	-1	
-1	-1	-1	

3 3
-1	-1	-1	
-1	121	-1	
-1	-1	-1	

3 3
-1	-1	-1	
-1	122	-1	
-1	-1	-1	

3 3
-1	-1	-1	
-1	123	-1	
-1	-1	-1	

3 3
-1	-1	-1	
-1	124	-1	
-1	-1	-1	

3 3
-1	-1	-1	
-1	125	-1	
-1	-1	-1	

3 3
-1	-1	235c	
702b	126	520d	
-1	-1	-1	

3 3
-1	-1	-1	
-1	127	-1	
-1	-1	-1	

3 3
-1	-1	-1	
-1	128	-1	
-1	-1	-1	

3 3
-1	-1	-1	
-1	129	-1	
-1	-1	-1	

3 3
-1	-1	-1	
821	130	283h	
-1	-1	-1	

3 3
-1	-1	-1	
-1	131	-1	
-1	-1	-1	

3 3
-1	244d	-1	
235e	132	-1	
-1	-1	-1	

3 3
-1	-1	-1	
-1	133	-1	
-1	-1	-1	

3 3
-1	-1	-1	
-1	134	-1	
-1	-1	-1	

3 3
-1	575b	-1	
-1	135	-1	
-1	688g	-1	

3 3
-1	-1	-1	
-1	136	-1	
-1	-1	-1	

3 3
-1	-1	-1	
-1	137	-1	
-1	-1	-1	

3 3
754b	697h	709	
786h	138	446h	
-1	-1	-1	

3 3
-1	-1	-1	
-1	139	-1	
-1	-1	-1	

3 3
-1	-1	-1	
-1	140	-1	
-1	-1	-1	

3 3
-1	-1	-1	
-1	141	-1	
-1	-1	-1	

3 3
-1	-1	-1	
-1	142	-1	
-1	-1	-1	

3 3
-1	698e	350d	
-1	143	23	
907e	514h	577g	

3 3
-1	-1	-1	
-1	144	-1	
-1	-1	-1	

3 3
-1	-1	-1	
-1	145	-1	
-1	-1	-1	

3 3
-1	-1	-1	
-1	146	-1	
-1	-1	-1	

3 3
-1	-1	-1	
782h	147	16c	
-1	-1	-1	

3 3
-1	445g	-1	
233f	148	-1	
-1	-1	-1	

3 3
-1	-1	-1	
-1	149	-1	
-1	-1	-1	

3 3
-1	-1	-1	
-1	150	-1	
-1	-1	-1	

3 3
-1	526d	-1	
-1	151	660f	
-1	-1	-1	

3 3
-1	896e	523b	
-1	152	701e	
702f	930h	-1	

3 3
-1	-1	-1	
-1	153	-1	
-1	-1	-1	

3 3
-1	-1	-1	
-1	154	-1	
-1	-1	-1	

3 3
-1	-1	-1	
-1	155	-1	
-1	-1	-1	

3 3
-1	-1	-1	
-1	156	925h	
295d	119b	190c	

3 3
-1	-1	-1	
-1	157	-1	
-1	-1	-1	

3 3
-1	-1	-1	
-1	158	-1	
-1	-1	-1	

3 3
-1	-1	-1	
-1	159	-1	
-1	-1	-1	

3 3
-1	313d	-1	
-1	160	-1	
-1	567c	-1	

3 3
-1	-1	-1	
-1	161	-1	
-1	-1	-1	

3 3
-1	-1	-1	
-1	162	-1	
-1	-1	-1	

3 3
-1	912g	-1	
-1	163	381	
-1	-1	-1	

3 3
-1	-1	-1	
-1	164	55f	
-1	478d	-1	

3 3
-1	-1	-1	
-1	165	-1	
-1	-1	-1	

3 3
-1	-1	-1	
-1	166	-1	
-1	-1	-1	

3 3
-1	-1	-1	
450	167	-1	
666g	981e	79b	

3 3
-1	-1	-1	
869f	168	343g	
349h	-1	686d	

3 3
-1	918f	-1	
912f	169	-1	
-1	-1	-1	

3 3
-1	-1	-1	
-1	170	-1	
-1	961f	-1	

3 3
-1	-1	-1	
-1	171	-1	
-1	-1	-1	

3 3
-1	-1	-1	
-1	172	-1	
-1	-1	-1	

3 3
-1	427d	-1	
526e	173	-1	
-1	261	-1	

3 3
-1	-1	-1	
-1	174	-1	
-1	-1	-1	

3 3
-1	-1	-1	
-1	175	-1	
-1	-1	-1	

3 3
-1	513b	79f	
-1	176	-1	
-1	892c	-1	

3 3
-1	-1	-1	
-1	177	-1	
-1	-1	-1	

3 3
-1	-1	-1	
569e	178	827g	
-1	-1	-1	

3 3
-1	-1	-1	
281b	179	11h	
-1	-1	-1	

3 3
244e	52c	-1	
-1	180	-1	
837f	927g	-1	

3 3
-1	-1	-1	
-1	181	-1	
-1	-1	-1	

3 3
-1	-1	-1	
-1	182	-1	
-1	-1	-1	

3 3
-1	-1	-1	
-1	183	-1	
-1	-1	-1	

3 3
560b	924g	639h	
508e	184	720f	
450d	666b	190g	

3 3
-1	-1	-1	
-1	185	-1	
-1	-1	-1	

3 3
-1	-1	-1	
-1	186	-1	
-1	-1	-1	

3 3
-1	-1	-1	
-1	187	-1	
-1	-1	-1	

3 3
493d	748d	346d	
908h	188	19g	
469g	535e	715h	

3 3
-1	-1	-1	
-1	189	-1	
-1	-1	-1	

3 3
981f	666h	184c	
925b	190	720d	
156g	119d	87h	

3 3
-1	-1	-1	
-1	191	-1	
-1	-1	-1	

3 3
-1	-1	-1	
-1	192	-1	
-1	-1	-1	

3 3
-1	-1	-1	
-1	193	-1	
-1	-1	-1	

3 3
-1	408c	-1	
-1	194	452g	
-1	792	-1	

3 3
451d	-1	837h	
231g	195	691e	
-1	-1	-1	

3 3
-1	-1	-1	
-1	196	-1	
-1	-1	-1	

3 3
-1	-1	-1	
-1	197	-1	
-1	-1	-1	

3 3
-1	-1	-1	
-1	198	-1	
-1	-1	-1	

3 3
620	500e	740e	
202	199	803d	
509g	616g	499	

3 3
-1	-1	-1	
-1	200	-1	
-1	-1	-1	

3 3
-1	-1	-1	
-1	201	-1	
-1	-1	-1	

3 3
100d	620	500e	
346e	202	199	
748e	509g	616g	

3 3
-1	-1	-1	
-1	203	-1	
-1	-1	-1	

3 3
-1	-1	-1	
-1	204	-1	
-1	-1	-1	

3 3
-1	-1	-1	
-1	205	-1	
-1	-1	-1	

3 3
-1	282f	60d	
-1	206	-1	
-1	419e	-1	

3 3
-1	-1	-1	
-1	207	-1	
-1	-1	-1	

3 3
-1	-1	-1	
-1	208	-1	
-1	-1	-1	

3 3
499g	371g	-1	
616e	209	-1	
509e	556b	-1	

3 3
-1	-1	-1	
-1	210	-1	
-1	-1	-1	

3 3
-1	-1	-1	
-1	211	-1	
-1	-1	-1	

3 3
-1	-1	-1	
-1	212	-1	
-1	-1	-1	

3 3
-1	-1	-1	
-1	213	-1	
-1	-1	-1	

3 3
-1	-1	-1	
-1	214	-1	
-1	-1	-1	

3 3
-1	-1	-1	
-1	215	-1	
-1	-1	-1	

3 3
-1	-1	-1	
-1	216	-1	
-1	-1	-1	

3 3
-1	-1	-1	
-1	217	-1	
-1	-1	-1	

3 3
-1	-1	-1	
-1	218	-1	
-1	-1	-1	

3 3
-1	-1	-1	
-1	219	-1	
-1	-1	-1	

3 3
-1	-1	-1	
-1	220	-1	
-1	-1	-1	

3 3
799	470b	783h	
700f	221	-1	
559	73h	0b	

3 3
-1	-1	-1	
-1	222	-1	
-1	-1	-1	

3 3
-1	-1	-1	
-1	223	-1	
-1	-1	-1	

3 3
-1	-1	-1	
-1	224	-1	
-1	-1	-1	

3 3
-1	-1	-1	
588h	225	308e	
-1	-1	604h	

3 3
-1	-1	-1	
-1	226	-1	
-1	-1	-1	

3 3
-1	-1	-1	
-1	227	-1	
-1	-1	-1	

3 3
-1	-1	-1	
-1	228	-1	
-1	-1	-1	

3 3
-1	-1	-1	
-1	229	-1	
-1	-1	-1	

3 3
-1	-1	-1	
-1	230	-1	
-1	-1	-1	

3 3
-1	-1	-1	
-1	231	451b	
-1	195c	-1	

3 3
-1	-1	-1	
-1	232	-1	
-1	-1	-1	

3 3
-1	-1	-1	
753h	233	148f	
-1	-1	445d	

3 3
-1	-1	-1	
-1	234	-1	
-1	-1	-1	

3 3
-1	-1	-1	
132e	235	520f	
244h	-1	126g	

3 3
576	645f	-1	
-1	236	-1	
302	583f	742d	

3 3
-1	-1	-1	
-1	237	-1	
-1	-1	-1	

3 3
-1	0g	331b	
-1	238	358e	
-1	-1	-1	

3 3
346d	100e	-1	
19g	239	-1	
715h	983g	-1	

3 3
307g	777d	60	
372e	240	93c	
936h	465b	-1	

3 3
-1	-1	-1	
-1	241	-1	
-1	-1	-1	

3 3
-1	-1	-1	
-1	242	-1	
-1	-1	-1	

3 3
-1	-1	-1	
-1	243	-1	
-1	-1	-1	

3 3
180e	-1	235h	
52g	244	132d	
-1	-1	-1	

3 3
-1	-1	-1	
-1	245	-1	
-1	-1	-1	

3 3
-1	-1	-1	
-1	246	476d	
-1	918e	-1	

3 3
-1	-1	-1	
-1	247	-1	
-1	-1	-1	

3 3
-1	-1	-1	
-1	248	-1	
-1	-1	-1	

3 3
-1	-1	-1	
-1	249	-1	
-1	-1	-1	

3 3
-1	-1	-1	
-1	250	-1	
-1	-1	-1	

3 3
-1	-1	-1	
-1	251	-1	
-1	-1	-1	

3 3
-1	-1	-1	
-1	252	-1	
-1	-1	-1	

3 3
-1	-1	-1	
-1	253	-1	
-1	-1	-1	

3 3
-1	-1	-1	
-1	254	-1	
-1	-1	-1	

3 3
-1	-1	-1	
-1	255	-1	
-1	-1	-1	

3 3
-1	-1	-1	
-1	256	-1	
-1	-1	-1	

3 3
-1	-1	-1	
-1	257	-1	
-1	-1	-1	

3 3
-1	-1	-1	
-1	258	-1	
-1	-1	-1	

3 3
-1	422e	-1	
-1	259	467g	
-1	-1	-1	

3 3
-1	874e	-1	
-1	260	404f	
-1	-1	-1	

3 3
526e	173	-1	
-1	261	-1	
802d	831e	98e	

3 3
-1	-1	-1	
-1	262	-1	
-1	-1	-1	

3 3
-1	-1	-1	
-1	263	-1	
-1	-1	-1	

3 3
-1	-1	-1	
848	264	-1	
-1	784h	-1	

3 3
-1	-1	-1	
-1	265	-1	
-1	-1	-1	

3 3
-1	-1	-1	
-1	266	-1	
-1	-1	-1	

3 3
-1	-1	-1	
-1	267	-1	
-1	-1	-1	

3 3
-1	-1	-1	
-1	268	-1	
-1	-1	-1	

3 3
-1	-1	648g	
782d	269	341b	
-1	-1	-1	

3 3
-1	366	-1	
-1	270	-1	
-1	7g	-1	

3 3
-1	-1	-1	
-1	271	-1	
-1	-1	-1	

3 3
-1	354c	-1	
-1	272	114f	
-1	-1	-1	

3 3
-1	-1	-1	
-1	273	-1	
-1	-1	-1	

3 3
-1	752e	-1	
-1	274	-1	
-1	618b	-1	

3 3
-1	-1	-1	
-1	275	-1	
-1	-1	-1	

3 3
-1	-1	-1	
-1	276	-1	
-1	-1	-1	

3 3
-1	-1	-1	
-1	277	-1	
-1	-1	-1	

3 3
-1	-1	-1	
401d	278	779g	
-1	-1	-1	

3 3
-1	-1	-1	
-1	279	-1	
-1	-1	-1	

3 3
-1	-1	-1	
-1	280	-1	
-1	-1	-1	

3 3
-1	-1	648d	
179b	281	707h	
-1	-1	498h	

3 3
-1	206f	-1	
-1	282	60g	
10	974	777f	

3 3
-1	496g	534d	
-1	283	-1	
-1	130h	-1	

3 3
-1	-1	-1	
-1	284	-1	
-1	-1	-1	

3 3
-1	-1	-1	
-1	285	-1	
-1	-1	-1	

3 3
-1	-1	-1	
-1	286	-1	
-1	-1	-1	

3 3
-1	-1	-1	
-1	287	-1	
-1	-1	-1	

3 3
-1	-1	-1	
-1	288	-1	
-1	-1	-1	

3 3
-1	-1	-1	
-1	289	-1	
-1	-1	-1	

3 3
-1	-1	-1	
-1	290	-1	
-1	-1	-1	

3 3
658g	854d	-1	
577d	291	-1	
23f	516d	-1	

3 3
-1	-1	-1	
-1	292	-1	
-1	-1	-1	

3 3
101f	435f	-1	
439	293	-1	
547f	644c	-1	

3 3
-1	-1	-1	
-1	294	-1	
-1	-1	-1	

3 3
575h	727d	407g	
-1	295	-1	
156d	119g	87c	

3 3
-1	-1	-1	
-1	296	-1	
-1	-1	-1	

3 3
-1	-1	-1	
-1	297	-1	
-1	-1	-1	

3 3
-1	-1	-1	
-1	298	-1	
-1	-1	-1	

3 3
-1	-1	-1	
-1	299	-1	
-1	-1	-1	

3 3
-1	-1	-1	
-1	300	-1	
-1	-1	-1	

3 3
-1	-1	-1	
-1	301	-1	
-1	-1	-1	

3 3
-1	-1	236	
43b	302	583f	
-1	877e	51h	

3 3
-1	-1	-1	
-1	303	-1	
-1	-1	-1	

3 3
-1	-1	-1	
-1	304	-1	
-1	-1	-1	

3 3
-1	-1	-1	
-1	305	-1	
-1	-1	-1	

3 3
-1	-1	-1	
474c	306	590f	
968c	-1	660h	

3 3
439h	101g	523g	
372g	307	722e	
240c	777b	974e	

3 3
-1	604d	-1	
-1	308	225e	
-1	-1	-1	

3 3
709d	446e	-1	
-1	309	-1	
-1	445h	-1	

3 3
854h	658c	861f	
-1	310	-1	
802g	831b	98b	

3 3
-1	-1	-1	
-1	311	-1	
-1	-1	-1	

3 3
-1	-1	-1	
-1	312	-1	
-1	-1	-1	

3 3
-1	-1	-1	
506f	313	160d	
-1	-1	-1	

3 3
-1	-1	-1	
-1	314	-1	
-1	-1	-1	

3 3
-1	-1	-1	
-1	315	-1	
-1	-1	-1	

3 3
-1	-1	-1	
-1	316	-1	
-1	-1	-1	

3 3
-1	-1	-1	
-1	317	-1	
-1	-1	-1	

3 3
-1	928e	-1	
874d	318	-1	
-1	-1	-1	

3 3
-1	-1	-1	
-1	319	-1	
-1	-1	-1	

3 3
-1	-1	-1	
-1	320	-1	
-1	-1	-1	

3 3
-1	-1	-1	
-1	321	-1	
-1	-1	-1	

3 3
-1	-1	-1	
-1	322	-1	
-1	-1	-1	

3 3
-1	-1	-1	
-1	323	-1	
-1	-1	-1	

3 3
-1	-1	-1	
-1	324	-1	
-1	-1	-1	

3 3
-1	-1	-1	
-1	325	-1	
-1	-1	-1	

3 3
-1	-1	-1	
-1	326	-1	
-1	-1	-1	

3 3
-1	-1	-1	
-1	327	-1	
-1	-1	-1	

3 3
-1	-1	-1	
593f	328	-1	
-1	-1	-1	

3 3
-1	-1	-1	
-1	329	-1	
-1	-1	-1	

3 3
-1	-1	-1	
-1	330	-1	
-1	-1	-1	

3 3
-1	524f	73f	
-1	331	0h	
-1	358f	238b	

3 3
-1	-1	-1	
-1	332	-1	
-1	-1	-1	

3 3
-1	-1	-1	
-1	333	-1	
-1	-1	-1	

3 3
-1	-1	-1	
-1	334	-1	
-1	-1	-1	

3 3
-1	-1	-1	
-1	335	-1	
-1	-1	-1	

3 3
-1	-1	-1	
-1	336	-1	
-1	-1	-1	

3 3
-1	-1	-1	
-1	337	-1	
-1	-1	-1	

3 3
-1	-1	-1	
-1	338	-1	
-1	-1	-1	

3 3
-1	-1	-1	
903g	339	-1	
799	470b	783h	

3 3
-1	-1	-1	
-1	340	-1	
-1	-1	-1	

3 3
-1	648h	-1	
667f	341	269b	
422e	-1	-1	

3 3
-1	-1	-1	
-1	342	-1	
-1	-1	-1	

3 3
-1	168c	-1	
686b	343	-1	
-1	-1	-1	

3 3
-1	401f	-1	
-1	344	-1	
-1	370b	-1	

3 3
-1	-1	-1	
-1	345	-1	
-1	-1	-1	

3 3
509c	748	188d	
202e	346	19b	
620e	100h	239d	

3 3
-1	-1	-1	
-1	347	-1	
-1	-1	-1	

3 3
-1	-1	-1	
-1	348	-1	
-1	-1	-1	

3 3
381c	-1	168h	
515f	349	869g	
-1	-1	-1	

3 3
-1	698h	143d	
-1	350	23d	
-1	845	516b	

3 3
-1	-1	-1	
-1	351	-1	
-1	-1	-1	

3 3
-1	-1	-1	
-1	352	-1	
-1	-1	-1	

3 3
-1	-1	-1	
-1	353	-1	
-1	-1	-1	

3 3
568e	-1	114h	
110d	354	272g	
453b	-1	-1	

3 3
-1	-1	-1	
-1	355	-1	
-1	-1	-1	

3 3
-1	-1	-1	
-1	356	-1	
-1	-1	-1	

3 3
-1	-1	-1	
-1	357	-1	
-1	-1	-1	

3 3
-1	-1	-1	
-1	358	238e	
-1	331f	0c	

3 3
-1	-1	-1	
-1	359	-1	
-1	-1	-1	

3 3
-1	-1	-1	
-1	360	-1	
-1	-1	-1	

3 3
-1	-1	-1	
-1	361	-1	
-1	-1	-1	

3 3
-1	-1	-1	
-1	362	-1	
-1	-1	-1	

3 3
-1	-1	-1	
-1	363	-1	
-1	-1	-1	

3 3
-1	-1	-1	
-1	364	-1	
-1	-1	-1	

3 3
-1	-1	-1	
-1	365	-1	
-1	-1	-1	

3 3
-1	792	-1	
-1	366	-1	
-1	270	-1	

3 3
-1	-1	-1	
-1	367	-1	
-1	-1	-1	

3 3
-1	-1	-1	
-1	368	-1	
-1	-1	-1	

3 3
-1	-1	-1	
-1	369	-1	
-1	-1	-1	

3 3
-1	344b	-1	
-1	370	-1	
-1	28	-1	

3 3
616g	499	-1	
209c	371	625b	
-1	-1	16	

3 3
465f	936d	547	
240e	372	439f	
777h	307c	101	

3 3
-1	-1	-1	
-1	373	-1	
-1	-1	-1	

3 3
-1	-1	-1	
-1	374	-1	
-1	-1	-1	

3 3
-1	-1	-1	
-1	375	-1	
-1	-1	-1	

3 3
-1	-1	-1	
-1	376	-1	
-1	-1	-1	

3 3
-1	-1	-1	
-1	377	-1	
-1	-1	-1	

3 3
-1	-1	-1	
-1	378	-1	
-1	-1	-1	

3 3
921d	-1	-1	
553e	379	-1	
-1	628h	958c	

3 3
-1	-1	-1	
-1	380	-1	
-1	-1	-1	

3 3
912g	-1	349g	
163	381	515h	
-1	-1	-1	

3 3
-1	-1	-1	
-1	382	-1	
-1	-1	-1	

3 3
-1	-1	-1	
-1	383	-1	
-1	-1	-1	

3 3
-1	-1	-1	
-1	384	-1	
-1	-1	-1	

3 3
-1	-1	-1	
-1	385	-1	
-1	-1	-1	

3 3
-1	-1	-1	
-1	386	-1	
-1	-1	-1	

3 3
-1	-1	-1	
-1	387	-1	
-1	-1	-1	

3 3
-1	-1	-1	
-1	388	-1	
-1	-1	-1	

3 3
-1	-1	-1	
-1	389	-1	
-1	-1	-1	

3 3
-1	-1	-1	
-1	390	-1	
-1	-1	-1	

3 3
-1	-1	-1	
-1	391	-1	
-1	-1	-1	

3 3
-1	-1	-1	
-1	392	-1	
-1	-1	-1	

3 3
-1	-1	-1	
-1	393	-1	
-1	-1	-1	

3 3
-1	-1	-1	
758h	394	-1	
-1	-1	-1	

3 3
-1	-1	-1	
-1	395	-1	
-1	-1	-1	

3 3
6d	479f	-1	
534e	396	-1	
496f	-1	-1	

3 3
-1	-1	-1	
-1	397	-1	
-1	-1	-1	

3 3
-1	-1	-1	
-1	398	-1	
-1	-1	-1	

3 3
-1	-1	-1	
-1	399	-1	
-1	-1	-1	

3 3
-1	-1	-1	
-1	400	-1	
-1	-1	-1	

3 3
-1	344f	-1	
-1	401	-1	
-1	278d	-1	

3 3
-1	-1	-1	
-1	402	-1	
-1	-1	-1	

3 3
-1	-1	-1	
-1	403	-1	
-1	-1	-1	

3 3
-1	-1	-1	
260f	404	503g	
874b	-1	451c	

3 3
-1	-1	-1	
-1	405	-1	
-1	-1	-1	

3 3
-1	-1	-1	
-1	406	-1	
-1	-1	-1	

3 3
295c	727b	-1	
-1	407	-1	
-1	772c	-1	

3 3
-1	-1	452e	
735c	408	194g	
922c	-1	-1	

3 3
-1	-1	-1	
-1	409	-1	
-1	-1	-1	

3 3
-1	-1	-1	
-1	410	-1	
-1	-1	-1	

3 3
-1	-1	-1	
-1	411	-1	
-1	-1	-1	

3 3
-1	-1	-1	
-1	412	-1	
-1	-1	-1	

3 3
-1	-1	-1	
-1	413	-1	
-1	-1	-1	

3 3
-1	-1	-1	
-1	414	-1	
-1	-1	-1	

3 3
-1	-1	-1	
-1	415	-1	
-1	-1	-1	

3 3
-1	-1	-1	
-1	416	-1	
-1	-1	-1	

3 3
-1	-1	-1	
-1	417	-1	
-1	-1	-1	

3 3
-1	-1	-1	
-1	418	-1	
-1	-1	-1	

3 3
-1	588b	-1	
-1	419	-1	
-1	206e	-1	

3 3
-1	-1	-1	
-1	420	-1	
-1	-1	-1	

3 3
-1	-1	-1	
-1	421	-1	
-1	-1	-1	

3 3
467c	259e	-1	
-1	422	-1	
341e	667b	-1	

3 3
-1	-1	-1	
-1	423	-1	
-1	-1	-1	

3 3
-1	-1	-1	
-1	424	-1	
-1	-1	-1	

3 3
-1	-1	-1	
-1	425	-1	
-1	-1	-1	

3 3
-1	-1	-1	
-1	426	-1	
-1	-1	-1	

3 3
-1	-1	526h	
623f	427	173d	
-1	-1	-1	

3 3
-1	-1	-1	
-1	428	-1	
-1	-1	-1	

3 3
-1	-1	-1	
-1	429	-1	
-1	-1	-1	

3 3
-1	-1	-1	
-1	430	-1	
-1	-1	-1	

3 3
-1	-1	-1	
-1	431	-1	
-1	-1	-1	

3 3
-1	-1	-1	
-1	432	-1	
-1	-1	-1	

3 3
583c	51e	921d	
742	433	553e	
-1	-1	-1	

3 3
-1	-1	-1	
-1	434	-1	
-1	-1	-1	

3 3
439f	293f	-1	
101	435	-1	
523	896f	-1	

3 3
-1	-1	-1	
-1	436	-1	
-1	-1	-1	

3 3
-1	-1	-1	
-1	437	-1	
-1	-1	-1	

3 3
-1	-1	-1	
-1	438	-1	
-1	-1	-1	

3 3
307h	101f	435f	
372f	439	293	
936g	547f	644c	

3 3
-1	-1	-1	
-1	440	-1	
-1	-1	-1	

3 3
-1	-1	-1	
-1	441	-1	
-1	-1	-1	

3 3
-1	-1	-1	
-1	442	-1	
-1	-1	-1	

3 3
-1	-1	-1	
-1	443	-1	
-1	-1	-1	

3 3
-1	-1	-1	
-1	444	-1	
-1	-1	-1	

3 3
233d	-1	-1	
148c	445	309h	
-1	-1	-1	

3 3
-1	309e	-1	
-1	446	709h	
-1	138h	697	

3 3
-1	-1	-1	
-1	447	-1	
-1	-1	-1	

3 3
-1	-1	-1	
-1	448	-1	
-1	-1	-1	

3 3
-1	-1	-1	
-1	449	-1	
-1	-1	-1	

3 3
-1	-1	-1	
508h	450	167	
184d	666g	981e	

3 3
-1	-1	-1	
503e	451	231b	
404g	-1	195d	

3 3
792c	194c	408e	
-1	452	-1	
681f	568e	-1	

3 3
354b	110c	-1	
-1	453	-1	
-1	897e	-1	

3 3
-1	-1	-1	
-1	454	-1	
-1	-1	-1	

3 3
-1	-1	-1	
-1	455	-1	
-1	-1	-1	

3 3
-1	-1	-1	
-1	456	-1	
-1	-1	-1	

3 3
-1	-1	-1	
-1	457	-1	
-1	-1	-1	

3 3
-1	-1	-1	
-1	458	-1	
-1	-1	-1	

3 3
-1	55d	-1	
836d	459	-1	
-1	-1	-1	

3 3
-1	-1	-1	
-1	460	-1	
-1	-1	-1	

3 3
-1	-1	-1	
-1	461	-1	
-1	-1	-1	

3 3
-1	-1	-1	
-1	462	-1	
-1	-1	-1	

3 3
-1	-1	-1	
-1	463	-1	
-1	-1	-1	

3 3
-1	-1	-1	
-1	464	-1	
-1	-1	-1	

3 3
93d	240b	372f	
-1	465	936g	
-1	983c	715d	

3 3
-1	-1	-1	
-1	466	-1	
-1	-1	-1	

3 3
-1	259c	422g	
-1	467	-1	
-1	501	922b	

3 3
-1	-1	-1	
-1	468	-1	
-1	-1	-1	

3 3
-1	-1	-1	
644	469	908f	
547h	535g	188c	

3 3
-1	339b	903h	
783g	470	799b	
-1	221b	700e	

3 3
-1	-1	-1	
-1	471	-1	
-1	-1	-1	

3 3
-1	-1	-1	
-1	472	-1	
-1	-1	-1	

3 3
-1	-1	-1	
-1	473	-1	
-1	-1	-1	

3 3
-1	306g	-1	
-1	474	968	
-1	-1	-1	

3 3
-1	-1	-1	
-1	475	-1	
-1	-1	-1	

3 3
-1	246d	918h	
-1	476	-1	
-1	868b	928h	

3 3
-1	-1	-1	
-1	477	-1	
-1	-1	-1	

3 3
-1	-1	-1	
164d	478	596g	
55c	-1	-1	

3 3
534b	396f	-1	
6g	479	-1	
697g	754	-1	

3 3
-1	-1	-1	
-1	480	-1	
-1	-1	-1	

3 3
-1	-1	-1	
10d	481	701	
974d	722d	523f	

3 3
-1	-1	-1	
-1	482	-1	
-1	-1	-1	

3 3
-1	-1	-1	
-1	483	-1	
-1	-1	-1	

3 3
-1	-1	-1	
-1	484	-1	
-1	-1	-1	

3 3
-1	-1	-1	
-1	485	-1	
-1	-1	-1	

3 3
-1	-1	-1	
-1	486	-1	
-1	-1	-1	

3 3
-1	-1	-1	
-1	487	-1	
-1	-1	-1	

3 3
-1	-1	-1	
-1	488	-1	
-1	-1	-1	

3 3
-1	22f	-1	
-1	489	-1	
-1	491c	-1	

3 3
-1	-1	-1	
-1	490	-1	
-1	-1	-1	

3 3
-1	-1	-1	
489g	491	770g	
-1	-1	-1	

3 3
-1	-1	-1	
886b	492	544	
-1	-1	-1	

3 3
-1	-1	-1	
556d	493	908e	
509c	748	188d	

3 3
-1	-1	-1	
-1	494	-1	
-1	-1	-1	

3 3
-1	848g	-1	
-1	495	-1	
-1	688d	-1	

3 3
-1	-1	-1	
283c	496	-1	
-1	534b	396f	

3 3
-1	-1	-1	
-1	497	-1	
-1	-1	-1	

3 3
-1	-1	-1	
566h	498	707	
821d	-1	281h	

3 3
199	803d	-1	
616g	499	-1	
209c	371	625b	

3 3
803h	199e	202e	
740	500	620e	
-1	-1	-1	

3 3
-1	467	-1	
-1	501	922b	
-1	-1	-1	

3 3
-1	-1	-1	
-1	502	-1	
-1	-1	-1	

3 3
-1	404c	-1	
451e	503	-1	
-1	-1	-1	

3 3
-1	-1	-1	
-1	504	-1	
-1	-1	-1	

3 3
-1	-1	-1	
-1	505	-1	
-1	-1	-1	

3 3
-1	-1	-1	
634h	506	313f	
-1	-1	-1	

3 3
-1	-1	-1	
-1	507	-1	
-1	-1	-1	

3 3
666f	450h	-1	
184e	508	-1	
924c	560f	-1	

3 3
493g	748g	346g	
556f	509	202c	
209e	616	199c	

3 3
-1	-1	-1	
-1	510	-1	
-1	-1	-1	

3 3
-1	-1	-1	
-1	511	-1	
-1	-1	-1	

3 3
-1	-1	-1	
-1	512	-1	
-1	-1	-1	

3 3
-1	770	-1	
79e	513	-1	
-1	176b	-1	

3 3
658e	577f	23h	
861d	514	143h	
-1	907d	-1	

3 3
-1	-1	-1	
-1	515	349f	
-1	381h	-1	

3 3
577	23c	350b	
291d	516	845b	
-1	-1	-1	

3 3
-1	-1	-1	
-1	517	-1	
-1	-1	-1	

3 3
-1	-1	-1	
-1	518	-1	
-1	-1	-1	

3 3
-1	-1	-1	
-1	519	-1	
-1	-1	-1	

3 3
-1	126d	-1	
235f	520	-1	
-1	-1	-1	

3 3
-1	-1	-1	
-1	521	-1	
-1	-1	-1	

3 3
-1	-1	-1	
-1	522	-1	
-1	-1	-1	

3 3
307c	101	435	
722g	523	896f	
481f	701f	152b	

3 3
-1	331f	0c	
-1	524	73	
-1	-1	559h	

3 3
-1	-1	-1	
-1	525	-1	
-1	-1	-1	

3 3
261e	-1	-1	
173e	526	151d	
427h	-1	660c	

3 3
-1	-1	-1	
-1	527	-1	
-1	-1	-1	

3 3
-1	-1	-1	
-1	528	-1	
-1	-1	-1	

3 3
-1	-1	-1	
-1	529	-1	
-1	-1	-1	

3 3
-1	-1	-1	
-1	530	-1	
-1	-1	-1	

3 3
-1	-1	-1	
-1	531	-1	
-1	-1	-1	

3 3
-1	-1	-1	
-1	532	-1	
-1	-1	-1	

3 3
-1	-1	-1	
-1	533	-1	
-1	-1	-1	

3 3
-1	496b	283d	
396e	534	-1	
479b	6h	-1	

3 3
936g	547f	644c	
715d	535	469c	
19c	188e	908d	

3 3
-1	-1	-1	
-1	536	-1	
-1	-1	-1	

3 3
-1	-1	-1	
-1	537	-1	
-1	-1	-1	

3 3
-1	-1	-1	
-1	538	-1	
-1	-1	-1	

3 3
-1	-1	-1	
-1	539	-1	
-1	-1	-1	

3 3
-1	-1	-1	
-1	540	-1	
-1	-1	-1	

3 3
-1	-1	-1	
-1	541	-1	
-1	-1	-1	

3 3
-1	-1	-1	
67h	542	808	
-1	-1	-1	

3 3
-1	-1	-1	
-1	543	-1	
-1	-1	-1	

3 3
-1	-1	-1	
492	544	992h	
-1	-1	-1	

3 3
-1	-1	-1	
-1	545	-1	
-1	-1	-1	

3 3
-1	-1	-1	
-1	546	-1	
-1	-1	-1	

3 3
715g	535f	469h	
936d	547	644h	
372	439f	293f	

3 3
-1	-1	-1	
-1	548	-1	
-1	-1	-1	

3 3
-1	-1	-1	
-1	549	-1	
-1	-1	-1	

3 3
60	-1	-1	
93c	550	43e	
-1	-1	-1	

3 3
-1	-1	-1	
-1	551	-1	
-1	-1	-1	

3 3
-1	-1	-1	
-1	552	-1	
-1	-1	-1	

3 3
628d	-1	-1	
379e	553	433e	
-1	921h	51	

3 3
-1	-1	-1	
-1	554	-1	
-1	-1	-1	

3 3
-1	-1	-1	
-1	555	-1	
-1	-1	-1	

3 3
-1	209b	616f	
-1	556	509f	
-1	493d	748d	

3 3
-1	-1	-1	
-1	557	-1	
-1	-1	-1	

3 3
-1	-1	-1	
-1	558	-1	
-1	-1	-1	

3 3
-1	700f	221	
-1	559	73h	
-1	-1	524h	

3 3
-1	-1	-1	
924h	560	-1	
184b	508f	-1	

3 3
-1	-1	-1	
-1	561	-1	
-1	-1	-1	

3 3
-1	-1	-1	
-1	562	-1	
-1	-1	-1	

3 3
-1	-1	-1	
-1	563	-1	
-1	-1	-1	

3 3
-1	-1	-1	
-1	564	-1	
-1	-1	-1	

3 3
-1	-1	-1	
-1	565	-1	
-1	-1	-1	

3 3
-1	498h	-1	
821e	566	-1	
-1	-1	-1	

3 3
-1	-1	-1	
160g	567	623	
-1	-1	-1	

3 3
354e	110h	-1	
-1	568	681b	
-1	452e	-1	

3 3
-1	-1	-1	
178e	569	752c	
-1	-1	-1	

3 3
-1	-1	-1	
-1	570	-1	
-1	-1	-1	

3 3
-1	-1	-1	
-1	571	-1	
-1	-1	-1	

3 3
-1	-1	-1	
-1	572	-1	
-1	-1	-1	

3 3
-1	-1	-1	
-1	573	-1	
-1	-1	-1	

3 3
-1	-1	-1	
-1	574	-1	
-1	-1	-1	

3 3
295h	727e	-1	
-1	575	-1	
-1	135b	-1	

3 3
81d	-1	784g	
63e	576	645f	
-1	-1	236	

3 3
861g	514f	143c	
658b	577	23c	
854	291d	516	

3 3
-1	-1	-1	
-1	578	-1	
-1	-1	-1	

3 3
-1	-1	-1	
-1	579	-1	
-1	-1	-1	

3 3
-1	-1	-1	
-1	580	-1	
-1	-1	-1	

3 3
-1	-1	-1	
-1	581	-1	
-1	-1	-1	

3 3
-1	-1	-1	
-1	582	-1	
-1	-1	-1	

3 3
877b	51c	433g	
302f	583	742g	
-1	236f	-1	

3 3
-1	-1	-1	
-1	584	-1	
-1	-1	-1	

3 3
-1	-1	-1	
-1	585	-1	
-1	-1	-1	

3 3
-1	-1	-1	
-1	586	-1	
-1	-1	-1	

3 3
-1	-1	-1	
-1	587	-1	
-1	-1	-1	

3 3
-1	225h	-1	
-1	588	-1	
-1	419b	-1	

3 3
-1	-1	-1	
-1	589	-1	
-1	-1	-1	

3 3
-1	660c	-1	
306f	590	-1	
-1	-1	-1	

3 3
-1	-1	-1	
-1	591	-1	
-1	-1	-1	

3 3
-1	-1	-1	
-1	592	-1	
-1	-1	-1	

3 3
-1	-1	-1	
-1	593	328f	
-1	-1	-1	

3 3
-1	-1	-1	
-1	594	-1	
-1	-1	-1	

3 3
-1	-1	-1	
-1	595	-1	
-1	-1	-1	

3 3
-1	478c	-1	
-1	596	-1	
-1	808h	-1	

3 3
-1	-1	-1	
-1	597	-1	
-1	-1	-1	

3 3
-1	-1	-1	
-1	598	-1	
-1	-1	-1	

3 3
-1	-1	-1	
-1	599	-1	
-1	-1	-1	

3 3
-1	-1	-1	
-1	600	-1	
-1	-1	-1	

3 3
-1	-1	-1	
-1	601	-1	
-1	-1	-1	

3 3
-1	-1	-1	
-1	602	-1	
-1	-1	-1	

3 3
-1	-1	-1	
-1	603	-1	
-1	-1	-1	

3 3
-1	-1	-1	
829h	604	308d	
-1	-1	225h	

3 3
-1	-1	-1	
-1	605	-1	
-1	-1	-1	

3 3
-1	-1	-1	
-1	606	-1	
-1	-1	-1	

3 3
-1	-1	-1	
-1	607	-1	
-1	-1	-1	

3 3
-1	-1	-1	
-1	608	-1	
-1	-1	-1	

3 3
-1	-1	-1	
-1	609	-1	
-1	-1	-1	

3 3
-1	-1	-1	
-1	610	-1	
-1	-1	-1	

3 3
-1	-1	-1	
-1	611	-1	
-1	-1	-1	

3 3
-1	-1	-1	
-1	612	-1	
-1	-1	-1	

3 3
-1	-1	-1	
-1	613	-1	
-1	-1	-1	

3 3
-1	-1	-1	
-1	614	-1	
-1	-1	-1	

3 3
-1	-1	-1	
-1	615	-1	
-1	-1	-1	

3 3
556f	509	202c	
209e	616	199c	
371c	499c	803b	

3 3
-1	-1	-1	
-1	617	-1	
-1	-1	-1	

3 3
-1	274b	-1	
-1	618	-1	
-1	909f	-1	

3 3
-1	-1	-1	
-1	619	-1	
-1	-1	-1	

3 3
-1	-1	-1	
100d	620	500e	
346e	202	199	

3 3
-1	-1	-1	
-1	621	-1	
-1	-1	-1	

3 3
-1	-1	-1	
-1	622	-1	
-1	-1	-1	

3 3
-1	-1	-1	
567	623	427f	
-1	-1	-1	

3 3
-1	-1	-1	
-1	624	-1	
-1	-1	-1	

3 3
-1	-1	499b	
-1	625	371b	
-1	16b	-1	

3 3
-1	-1	-1	
-1	626	-1	
-1	-1	-1	

3 3
-1	-1	-1	
-1	627	-1	
-1	-1	-1	

3 3
-1	958b	-1	
-1	628	379h	
-1	-1	553d	

3 3
-1	-1	-1	
-1	629	-1	
-1	-1	-1	

3 3
-1	-1	-1	
-1	630	-1	
-1	-1	-1	

3 3
-1	-1	-1	
-1	631	-1	
-1	-1	-1	

3 3
-1	-1	-1	
-1	632	-1	
-1	-1	-1	

3 3
-1	-1	-1	
-1	633	-1	
-1	-1	-1	

3 3
-1	506h	-1	
-1	634	-1	
-1	681d	-1	

3 3
-1	-1	-1	
-1	635	-1	
-1	-1	-1	

3 3
-1	-1	-1	
-1	636	-1	
-1	-1	-1	

3 3
-1	-1	-1	
-1	637	-1	
-1	-1	-1	

3 3
-1	-1	-1	
-1	638	-1	
-1	-1	-1	

3 3
87c	39e	-1	
720g	639	907b	
184h	924f	-1	

3 3
-1	-1	-1	
-1	640	-1	
-1	-1	-1	

3 3
-1	-1	-1	
-1	641	-1	
-1	-1	-1	

3 3
-1	-1	-1	
-1	642	-1	
-1	-1	-1	

3 3
-1	-1	-1	
-1	643	-1	
-1	-1	-1	

3 3
-1	-1	-1	
293g	644	469	
439g	547h	535g	

3 3
-1	236f	-1	
576f	645	-1	
-1	784d	-1	

3 3
-1	-1	-1	
-1	646	-1	
-1	-1	-1	

3 3
-1	-1	-1	
-1	647	-1	
-1	-1	-1	

3 3
269c	-1	281d	
341h	648	707e	
667g	-1	-1	

3 3
-1	-1	-1	
-1	649	-1	
-1	-1	-1	

3 3
-1	-1	-1	
-1	650	-1	
-1	-1	-1	

3 3
-1	-1	-1	
-1	651	-1	
-1	-1	-1	

3 3
-1	-1	-1	
-1	652	-1	
-1	-1	-1	

3 3
-1	-1	-1	
-1	653	-1	
-1	-1	-1	

3 3
-1	-1	-1	
-1	654	-1	
-1	-1	-1	

3 3
-1	-1	-1	
-1	655	-1	
-1	-1	-1	

3 3
-1	-1	-1	
-1	656	-1	
-1	-1	-1	

3 3
-1	-1	-1	
-1	657	-1	
-1	-1	-1	

3 3
514e	861h	-1	
577b	658	310g	
291c	854b	-1	

3 3
-1	-1	-1	
-1	659	-1	
-1	-1	-1	

3 3
-1	-1	-1	
151f	660	590g	
526g	-1	306h	

3 3
-1	71g	-1	
-1	661	-1	
-1	22e	-1	

3 3
-1	-1	-1	
-1	662	-1	
-1	-1	-1	

3 3
-1	-1	-1	
-1	663	-1	
-1	-1	-1	

3 3
-1	-1	-1	
-1	664	-1	
-1	-1	-1	

3 3
-1	-1	-1	
-1	665	-1	
-1	-1	-1	

3 3
720e	184b	508f	
190h	666	450c	
925c	981g	167c	

3 3
-1	422b	-1	
-1	667	341f	
-1	-1	648c	

3 3
-1	-1	-1	
-1	668	-1	
-1	-1	-1	

3 3
-1	-1	-1	
-1	669	-1	
-1	-1	-1	

3 3
-1	-1	-1	
-1	670	-1	
-1	-1	-1	

3 3
-1	-1	-1	
-1	671	-1	
-1	-1	-1	

3 3
-1	-1	-1	
-1	672	-1	
-1	-1	-1	

3 3
-1	-1	-1	
-1	673	-1	
-1	-1	-1	

3 3
-1	-1	-1	
-1	674	-1	
-1	-1	-1	

3 3
-1	-1	-1	
-1	675	-1	
-1	-1	-1	

3 3
-1	-1	-1	
-1	676	-1	
-1	-1	-1	

3 3
-1	-1	-1	
-1	677	-1	
-1	-1	-1	

3 3
-1	-1	-1	
-1	678	-1	
-1	-1	-1	

3 3
-1	-1	-1	
-1	679	-1	
-1	-1	-1	

3 3
-1	-1	-1	
-1	680	-1	
-1	-1	-1	

3 3
-1	-1	110g	
634d	681	568b	
-1	-1	452f	

3 3
-1	-1	-1	
-1	682	-1	
-1	-1	-1	

3 3
-1	-1	-1	
-1	683	-1	
-1	-1	-1	

3 3
-1	-1	-1	
-1	684	-1	
-1	-1	-1	

3 3
-1	-1	-1	
-1	685	-1	
-1	-1	-1	

3 3
168d	-1	836f	
343b	686	993	
-1	-1	-1	

3 3
-1	-1	-1	
-1	687	-1	
-1	-1	-1	

3 3
-1	-1	-1	
495d	688	135c	
-1	-1	-1	

3 3
-1	-1	-1	
-1	689	-1	
-1	-1	-1	

3 3
-1	-1	-1	
-1	690	-1	
-1	-1	-1	

3 3
-1	-1	-1	
-1	691	195e	
-1	837d	-1	

3 3
-1	-1	-1	
72d	692	28c	
-1	-1	-1	

3 3
-1	-1	-1	
-1	693	-1	
-1	-1	-1	

3 3
-1	-1	-1	
-1	694	-1	
-1	-1	-1	

3 3
-1	-1	-1	
-1	695	-1	
-1	-1	-1	

3 3
-1	-1	-1	
-1	696	-1	
-1	-1	-1	

3 3
446	709h	-1	
138h	697	6	
786	754c	479c	

3 3
23e	143e	-1	
350h	698	-1	
-1	-1	-1	

3 3
-1	-1	-1	
-1	699	-1	
-1	-1	-1	

3 3
-1	559f	73c	
-1	700	221f	
-1	799f	470e	

3 3
-1	-1	930d	
481	701	152e	
722d	523f	896	

3 3
-1	-1	-1	
126b	702	930c	
-1	-1	152f	

3 3
-1	-1	-1	
-1	703	-1	
-1	-1	-1	

3 3
-1	-1	-1	
-1	704	-1	
-1	-1	-1	

3 3
-1	-1	-1	
-1	705	-1	
-1	-1	-1	

3 3
-1	-1	-1	
-1	706	-1	
-1	-1	-1	

3 3
-1	-1	-1	
498	707	648e	
-1	281h	-1	

3 3
-1	-1	-1	
-1	708	-1	
-1	-1	-1	

3 3
6h	-1	-1	
697h	709	-1	
138	446h	309d	

3 3
-1	-1	-1	
-1	710	-1	
-1	-1	-1	

3 3
-1	-1	-1	
-1	711	-1	
-1	-1	-1	

3 3
-1	-1	-1	
-1	712	-1	
-1	-1	-1	

3 3
-1	-1	-1	
-1	713	-1	
-1	-1	-1	

3 3
-1	-1	-1	
-1	714	-1	
-1	-1	-1	

3 3
465d	983f	239h	
936b	715	19f	
547c	535d	188h	

3 3
-1	-1	-1	
-1	716	-1	
-1	-1	-1	

3 3
-1	-1	-1	
-1	717	-1	
-1	-1	-1	

3 3
-1	-1	-1	
-1	718	-1	
-1	-1	-1	

3 3
-1	-1	-1	
-1	719	-1	
-1	-1	-1	

3 3
666e	190d	119	
184f	720	87e	
924d	639c	39g	

3 3
-1	-1	-1	
-1	721	-1	
-1	-1	-1	

3 3
10	974	777f	
481d	722	307e	
701d	523c	101c	

3 3
-1	-1	-1	
-1	723	-1	
-1	-1	-1	

3 3
-1	-1	-1	
-1	724	-1	
-1	-1	-1	

3 3
-1	-1	-1	
-1	725	-1	
-1	-1	-1	

3 3
-1	-1	-1	
-1	726	-1	
-1	-1	-1	

3 3
-1	575e	-1	
-1	727	295d	
-1	407b	-1	

3 3
-1	-1	-1	
-1	728	-1	
-1	-1	-1	

3 3
-1	-1	-1	
-1	729	-1	
-1	-1	-1	

3 3
-1	-1	-1	
-1	730	-1	
-1	-1	-1	

3 3
-1	-1	-1	
-1	731	-1	
-1	-1	-1	

3 3
-1	-1	-1	
-1	732	-1	
-1	-1	-1	

3 3
-1	-1	-1	
-1	733	-1	
-1	-1	-1	

3 3
-1	-1	-1	
-1	734	-1	
-1	-1	-1	

3 3
-1	408g	-1	
-1	735	922	
-1	-1	-1	

3 3
-1	-1	-1	
-1	736	-1	
-1	-1	-1	

3 3
-1	-1	-1	
-1	737	-1	
-1	-1	-1	

3 3
-1	-1	-1	
-1	738	-1	
-1	-1	-1	

3 3
-1	-1	-1	
-1	739	-1	
-1	-1	-1	

3 3
-1	803h	199e	
-1	740	500	
-1	-1	-1	

3 3
-1	-1	-1	
-1	741	-1	
-1	-1	-1	

3 3
236d	583c	51e	
-1	742	433	
-1	-1	-1	

3 3
-1	-1	-1	
-1	743	-1	
-1	-1	-1	

3 3
-1	-1	-1	
-1	744	-1	
-1	-1	-1	

3 3
-1	-1	-1	
-1	745	-1	
-1	-1	-1	

3 3
-1	-1	-1	
-1	746	-1	
-1	-1	-1	

3 3
-1	-1	-1	
-1	747	-1	
-1	-1	-1	

3 3
556d	493	908e	
509c	748	188d	
202e	346	19b	

3 3
-1	-1	-1	
-1	749	-1	
-1	-1	-1	

3 3
-1	-1	-1	
-1	750	-1	
-1	-1	-1	

3 3
-1	-1	-1	
-1	751	-1	
-1	-1	-1	

3 3
-1	274e	-1	
-1	752	-1	
-1	569g	-1	

3 3
-1	233h	-1	
-1	753	-1	
-1	824e	-1	

3 3
6g	479	-1	
697g	754	-1	
138b	786g	-1	

3 3
-1	-1	-1	
-1	755	-1	
-1	-1	-1	

3 3
-1	-1	-1	
-1	756	-1	
-1	-1	-1	

3 3
-1	-1	-1	
-1	757	-1	
-1	-1	-1	

3 3
-1	394h	-1	
-1	758	-1	
-1	-1	-1	

3 3
-1	-1	-1	
-1	759	-1	
-1	-1	-1	

3 3
-1	-1	-1	
-1	760	-1	
-1	-1	-1	

3 3
-1	-1	-1	
-1	761	-1	
-1	-1	-1	

3 3
-1	-1	-1	
-1	762	-1	
-1	-1	-1	

3 3
-1	-1	-1	
-1	763	-1	
-1	-1	-1	

3 3
-1	-1	-1	
-1	764	-1	
-1	-1	-1	

3 3
-1	-1	-1	
-1	765	-1	
-1	-1	-1	

3 3
-1	-1	-1	
-1	766	-1	
-1	-1	-1	

3 3
-1	-1	-1	
-1	767	-1	
-1	-1	-1	

3 3
-1	-1	-1	
-1	768	-1	
-1	-1	-1	

3 3
-1	-1	-1	
-1	769	-1	
-1	-1	-1	

3 3
-1	491c	-1	
-1	770	-1	
79e	513	-1	

3 3
-1	-1	-1	
-1	771	-1	
-1	-1	-1	

3 3
-1	-1	-1	
407g	772	987b	
-1	-1	-1	

3 3
-1	-1	-1	
-1	773	-1	
-1	-1	-1	

3 3
-1	-1	-1	
-1	774	-1	
-1	-1	-1	

3 3
-1	-1	-1	
-1	775	-1	
-1	-1	-1	

3 3
-1	-1	-1	
-1	776	-1	
-1	-1	-1	

3 3
722f	307b	372h	
974f	777	240d	
282f	60d	93f	

3 3
-1	-1	-1	
-1	778	-1	
-1	-1	-1	

3 3
-1	278c	-1	
-1	779	-1	
-1	909b	-1	

3 3
-1	-1	-1	
-1	780	-1	
-1	-1	-1	

3 3
-1	-1	-1	
-1	781	-1	
-1	-1	-1	

3 3
-1	147h	-1	
-1	782	-1	
-1	269d	-1	

3 3
-1	958e	-1	
-1	783	-1	
221h	470c	339h	

3 3
576c	-1	-1	
645d	784	264h	
-1	-1	848h	

3 3
-1	-1	-1	
-1	785	-1	
-1	-1	-1	

3 3
-1	138h	697	
-1	786	754c	
-1	-1	-1	

3 3
-1	-1	-1	
-1	787	-1	
-1	-1	-1	

3 3
-1	-1	-1	
-1	788	-1	
-1	-1	-1	

3 3
-1	-1	-1	
-1	789	-1	
-1	-1	-1	

3 3
-1	-1	-1	
-1	790	-1	
-1	-1	-1	

3 3
-1	-1	-1	
-1	791	-1	
-1	-1	-1	

3 3
-1	194	452g	
-1	792	-1	
-1	366	-1	

3 3
-1	-1	-1	
-1	793	-1	
-1	-1	-1	

3 3
-1	-1	-1	
-1	794	-1	
-1	-1	-1	

3 3
-1	-1	-1	
-1	795	-1	
-1	-1	-1	

3 3
-1	-1	-1	
-1	796	-1	
-1	-1	-1	

3 3
-1	-1	-1	
-1	797	-1	
-1	-1	-1	

3 3
-1	-1	-1	
-1	798	-1	
-1	-1	-1	

3 3
-1	903g	339	
-1	799	470b	
-1	700f	221	

3 3
-1	-1	-1	
-1	800	-1	
-1	-1	-1	

3 3
-1	-1	-1	
-1	801	999f	
-1	-1	-1	

3 3
-1	-1	-1	
-1	802	-1	
261d	831h	310c	

3 3
500h	199d	616b	
740h	803	499d	
-1	-1	-1	

3 3
-1	-1	-1	
-1	804	-1	
-1	-1	-1	

3 3
-1	-1	-1	
-1	805	-1	
-1	-1	-1	

3 3
-1	-1	-1	
-1	806	-1	
-1	-1	-1	

3 3
-1	-1	-1	
-1	807	-1	
-1	-1	-1	

3 3
-1	-1	-1	
542	808	596h	
-1	-1	-1	

3 3
-1	-1	-1	
-1	809	-1	
-1	-1	-1	

3 3
-1	-1	-1	
-1	810	-1	
-1	-1	-1	

3 3
-1	-1	-1	
-1	811	-1	
-1	-1	-1	

3 3
-1	-1	-1	
-1	812	-1	
-1	-1	-1	

3 3
-1	-1	-1	
-1	813	-1	
-1	-1	-1	

3 3
-1	-1	-1	
-1	814	-1	
-1	-1	-1	

3 3
-1	-1	-1	
-1	815	-1	
-1	-1	-1	

3 3
-1	-1	-1	
-1	816	-1	
-1	-1	-1	

3 3
-1	-1	-1	
-1	817	-1	
-1	-1	-1	

3 3
-1	-1	-1	
-1	818	-1	
-1	-1	-1	

3 3
-1	-1	-1	
-1	819	-1	
-1	-1	-1	

3 3
-1	-1	-1	
-1	820	-1	
-1	-1	-1	

3 3
-1	-1	-1	
566e	821	130	
498d	-1	-1	

3 3
-1	-1	-1	
-1	822	-1	
-1	-1	-1	

3 3
-1	-1	-1	
-1	823	-1	
-1	-1	-1	

3 3
-1	81h	-1	
-1	824	-1	
-1	753e	-1	

3 3
-1	-1	-1	
-1	825	-1	
-1	-1	-1	

3 3
-1	-1	-1	
-1	826	-1	
-1	-1	-1	

3 3
-1	178c	-1	
-1	827	-1	
-1	892g	-1	

3 3
-1	-1	-1	
-1	828	-1	
-1	-1	-1	

3 3
-1	604h	-1	
-1	829	-1	
956e	956g	-1	

3 3
-1	-1	-1	
-1	830	-1	
-1	-1	-1	

3 3
-1	310b	-1	
98	831	802h	
-1	261e	-1	

3 3
-1	-1	-1	
-1	832	-1	
-1	-1	-1	

3 3
-1	-1	-1	
-1	833	-1	
-1	-1	-1	

3 3
-1	-1	-1	
-1	834	-1	
-1	-1	-1	

3 3
-1	-1	-1	
-1	835	-1	
-1	-1	-1	

3 3
686f	993f	-1	
-1	836	-1	
55	459d	-1	

3 3
-1	-1	-1	
691d	837	927d	
195h	-1	180f	

3 3
-1	-1	-1	
-1	838	-1	
-1	-1	-1	

3 3
-1	-1	-1	
-1	839	-1	
-1	-1	-1	

3 3
-1	-1	-1	
-1	840	-1	
-1	-1	-1	

3 3
-1	-1	-1	
-1	841	-1	
-1	-1	-1	

3 3
-1	-1	-1	
-1	842	-1	
-1	-1	-1	

3 3
-1	-1	-1	
-1	843	-1	
-1	-1	-1	

3 3
-1	-1	-1	
-1	844	-1	
-1	-1	-1	

3 3
-1	350	23d	
-1	845	516b	
-1	-1	-1	

3 3
-1	-1	-1	
-1	846	-1	
-1	-1	-1	

3 3
-1	-1	-1	
-1	847	-1	
-1	-1	-1	

3 3
-1	-1	-1	
495c	848	264	
-1	-1	784h	

3 3
-1	-1	-1	
-1	849	-1	
-1	-1	-1	

3 3
-1	-1	-1	
-1	850	-1	
-1	-1	-1	

3 3
-1	-1	-1	
-1	851	-1	
-1	-1	-1	

3 3
-1	-1	-1	
-1	852	-1	
-1	-1	-1	

3 3
-1	-1	-1	
-1	853	-1	
-1	-1	-1	

3 3
310h	658b	577	
-1	854	291d	
-1	-1	-1	

3 3
-1	-1	-1	
-1	855	-1	
-1	-1	-1	

3 3
-1	-1	-1	
-1	856	-1	
-1	-1	-1	

3 3
-1	-1	-1	
-1	857	-1	
-1	-1	-1	

3 3
-1	-1	-1	
-1	858	-1	
-1	-1	-1	

3 3
-1	-1	-1	
-1	859	-1	
-1	-1	-1	

3 3
-1	-1	-1	
-1	860	-1	
-1	-1	-1	

3 3
310f	-1	-1	
658h	861	-1	
577c	514d	907	

3 3
-1	-1	-1	
-1	862	-1	
-1	-1	-1	

3 3
-1	7g	-1	
-1	863	-1	
-1	59b	-1	

3 3
-1	-1	-1	
25f	864	67h	
-1	-1	-1	

3 3
-1	-1	-1	
-1	865	-1	
-1	-1	-1	

3 3
-1	-1	-1	
-1	866	-1	
-1	-1	-1	

3 3
-1	-1	-1	
-1	867	-1	
-1	-1	-1	

3 3
-1	476b	-1	
928g	868	-1	
-1	-1	-1	

3 3
-1	349c	-1	
-1	869	168f	
-1	-1	-1	

3 3
-1	-1	-1	
-1	870	-1	
-1	-1	-1	

3 3
-1	-1	-1	
-1	871	-1	
-1	-1	-1	

3 3
-1	-1	-1	
-1	872	-1	
-1	-1	-1	

3 3
-1	-1	-1	
-1	873	-1	
-1	-1	-1	

3 3
404b	260e	-1	
-1	874	-1	
928h	318d	-1	

3 3
-1	877e	51h	
-1	875	921	
-1	-1	-1	

3 3
-1	-1	-1	
-1	876	-1	
-1	-1	-1	

3 3
921e	875e	-1	
51d	877	-1	
583b	302e	43f	

3 3
-1	-1	-1	
-1	878	-1	
-1	-1	-1	

3 3
-1	-1	-1	
-1	879	-1	
-1	-1	-1	

3 3
-1	-1	-1	
-1	880	-1	
-1	-1	-1	

3 3
-1	-1	-1	
-1	881	-1	
-1	-1	-1	

3 3
-1	-1	-1	
-1	882	-1	
-1	-1	-1	

3 3
-1	-1	-1	
-1	883	-1	
-1	-1	-1	

3 3
-1	-1	-1	
-1	884	-1	
-1	-1	-1	

3 3
-1	-1	-1	
-1	885	-1	
-1	-1	-1	

3 3
-1	-1	-1	
492b	886	11d	
-1	-1	-1	

3 3
-1	-1	-1	
-1	887	-1	
-1	-1	-1	

3 3
-1	-1	-1	
-1	888	-1	
-1	-1	-1	

3 3
-1	-1	-1	
-1	889	-1	
-1	-1	-1	

3 3
-1	-1	-1	
-1	890	-1	
-1	-1	-1	

3 3
-1	-1	-1	
-1	891	-1	
-1	-1	-1	

3 3
-1	-1	-1	
176g	892	827c	
-1	-1	-1	

3 3
-1	-1	-1	
-1	893	-1	
-1	-1	-1	

3 3
-1	-1	-1	
-1	894	-1	
-1	-1	-1	

3 3
-1	-1	-1	
-1	895	-1	
-1	-1	-1	

3 3
701	152e	-1	
523f	896	-1	
101f	435f	-1	

3 3
-1	987h	-1	
-1	897	-1	
-1	453e	-1	

3 3
-1	-1	-1	
-1	898	-1	
-1	-1	-1	

3 3
-1	-1	-1	
-1	899	-1	
-1	-1	-1	

3 3
-1	-1	-1	
-1	900	-1	
-1	-1	-1	

3 3
-1	-1	-1	
-1	901	968e	
-1	114g	-1	

3 3
-1	-1	-1	
-1	902	-1	
-1	-1	-1	

3 3
-1	-1	-1	
799c	903	-1	
470h	339c	-1	

3 3
-1	-1	-1	
-1	904	-1	
-1	-1	-1	

3 3
-1	-1	-1	
-1	905	-1	
-1	-1	-1	

3 3
-1	-1	-1	
-1	906	-1	
-1	-1	-1	

3 3
861	-1	39f	
514d	907	639b	
143e	-1	924e	

3 3
535d	188h	748e	
469f	908	493e	
-1	-1	-1	

3 3
-1	779b	-1	
-1	909	-1	
-1	618f	-1	

3 3
-1	-1	-1	
-1	910	-1	
-1	-1	-1	

3 3
-1	-1	-1	
-1	911	-1	
-1	-1	-1	

3 3
-1	-1	-1	
163c	912	169f	
381c	-1	918	

3 3
-1	-1	-1	
-1	913	-1	
-1	-1	-1	

3 3
-1	-1	-1	
-1	914	-1	
-1	-1	-1	

3 3
-1	-1	-1	
-1	915	-1	
-1	-1	-1	

3 3
-1	-1	-1	
-1	916	-1	
-1	-1	-1	

3 3
-1	-1	-1	
-1	917	-1	
-1	-1	-1	

3 3
912	169f	-1	
-1	918	-1	
476h	246e	-1	

3 3
-1	-1	-1	
-1	919	-1	
-1	-1	-1	

3 3
-1	-1	-1	
-1	920	-1	
-1	-1	-1	

3 3
877e	51h	433d	
875	921	553h	
-1	-1	379d	

3 3
408g	-1	467b	
735	922	501b	
-1	-1	-1	

3 3
-1	-1	-1	
-1	923	-1	
-1	-1	-1	

3 3
508g	560h	-1	
184c	924	-1	
720d	639f	907e	

3 3
666g	981e	79b	
190b	925	-1	
119c	156h	-1	

3 3
-1	-1	-1	
-1	926	-1	
-1	-1	-1	

3 3
-1	837d	-1	
-1	927	180c	
-1	-1	-1	

3 3
-1	318e	874h	
-1	928	-1	
-1	868c	476h	

3 3
-1	-1	-1	
-1	929	-1	
-1	-1	-1	

3 3
-1	-1	701d	
-1	930	152h	
-1	702g	-1	

3 3
-1	-1	-1	
-1	931	-1	
-1	-1	-1	

3 3
-1	-1	-1	
-1	932	-1	
-1	-1	-1	

3 3
-1	-1	-1	
-1	933	-1	
-1	-1	-1	

3 3
-1	-1	-1	
-1	934	-1	
-1	-1	-1	

3 3
-1	-1	-1	
-1	935	-1	
-1	-1	-1	

3 3
983e	465c	240h	
715b	936	372d	
535c	547d	439c	

3 3
-1	-1	-1	
-1	937	-1	
-1	-1	-1	

3 3
-1	-1	-1	
-1	938	-1	
-1	-1	-1	

3 3
-1	-1	-1	
-1	939	-1	
-1	-1	-1	

3 3
-1	-1	-1	
-1	940	-1	
-1	-1	-1	

3 3
-1	-1	-1	
-1	941	-1	
-1	-1	-1	

3 3
-1	-1	-1	
-1	942	-1	
-1	-1	-1	

3 3
-1	-1	-1	
-1	943	-1	
-1	-1	-1	

3 3
-1	-1	-1	
-1	944	-1	
-1	-1	-1	

3 3
-1	-1	-1	
-1	945	-1	
-1	-1	-1	

3 3
-1	-1	-1	
-1	946	-1	
-1	-1	-1	

3 3
-1	-1	-1	
-1	947	-1	
-1	-1	-1	

3 3
-1	-1	-1	
-1	948	-1	
-1	-1	-1	

3 3
-1	-1	-1	
-1	949	-1	
-1	-1	-1	

3 3
-1	-1	-1	
-1	950	-1	
-1	-1	-1	

3 3
-1	-1	-1	
-1	951	-1	
-1	-1	-1	

3 3
-1	-1	-1	
-1	952	-1	
-1	-1	-1	

3 3
-1	-1	-1	
-1	953	-1	
-1	-1	-1	

3 3
-1	-1	-1	
-1	954	-1	
-1	-1	-1	

3 3
-1	-1	-1	
-1	955	-1	
-1	-1	-1	

3 3
956e	956g	-1	
956c	956	829c	
829e	-1	-1	

3 3
-1	-1	-1	
-1	957	-1	
-1	-1	-1	

3 3
-1	783e	-1	
-1	958	-1	
379g	628b	-1	

3 3
-1	-1	-1	
-1	959	-1	
-1	-1	-1	

3 3
-1	-1	-1	
-1	960	-1	
-1	-1	-1	

3 3
-1	-1	-1	
-1	961	-1	
-1	170f	-1	

3 3
-1	-1	-1	
-1	962	-1	
-1	-1	-1	

3 3
-1	-1	-1	
-1	963	-1	
-1	-1	-1	

3 3
-1	-1	-1	
-1	964	-1	
-1	-1	-1	

3 3
-1	-1	-1	
-1	965	-1	
-1	-1	-1	

3 3
-1	-1	-1	
-1	966	-1	
-1	-1	-1	

3 3
-1	-1	-1	
-1	967	-1	
-1	-1	-1	

3 3
306g	-1	114c	
474	968	901e	
-1	-1	-1	

3 3
-1	-1	-1	
-1	969	-1	
-1	-1	-1	

3 3
-1	-1	-1	
-1	970	-1	
-1	-1	-1	

3 3
-1	-1	-1	
-1	971	-1	
-1	-1	-1	

3 3
-1	-1	-1	
-1	972	-1	
-1	-1	-1	

3 3
-1	-1	-1	
-1	973	-1	
-1	-1	-1	

3 3
-1	282	60g	
10	974	777f	
481d	722	307e	

3 3
-1	-1	-1	
-1	975	-1	
-1	-1	-1	

3 3
-1	-1	-1	
-1	976	-1	
-1	-1	-1	

3 3
-1	-1	-1	
-1	977	-1	
-1	-1	-1	

3 3
-1	-1	-1	
-1	978	-1	
-1	-1	-1	

3 3
-1	-1	-1	
-1	979	-1	
-1	-1	-1	

3 3
-1	-1	-1	
-1	980	-1	
-1	-1	-1	

3 3
-1	925e	190f	
79f	981	666c	
-1	167e	450e	

3 3
-1	-1	-1	
-1	982	-1	
-1	-1	-1	

3 3
936e	715f	19	
465g	983	239c	
-1	-1	-1	

3 3
-1	-1	-1	
-1	984	-1	
-1	-1	-1	

3 3
-1	-1	-1	
-1	985	-1	
-1	-1	-1	

3 3
-1	-1	-1	
-1	986	-1	
-1	-1	-1	

3 3
-1	-1	-1	
897h	987	772b	
-1	-1	-1	

3 3
-1	-1	-1	
-1	988	-1	
-1	-1	-1	

3 3
-1	-1	-1	
-1	989	-1	
-1	-1	-1	

3 3
-1	-1	-1	
-1	990	-1	
-1	-1	-1	

3 3
-1	-1	-1	
-1	991	-1	
-1	-1	-1	

3 3
-1	72f	-1	
-1	992	-1	
-1	544h	-1	

3 3
-1	836f	-1	
686	993	-1	
-1	-1	-1	

3 3
-1	-1	-1	
-1	994	-1	
-1	-1	-1	

3 3
-1	-1	-1	
-1	995	-1	
-1	-1	-1	

3 3
-1	-1	-1	
-1	996	-1	
-1	-1	-1	

3 3
-1	-1	-1	
-1	997	-1	
-1	-1	-1	

3 3
-1	-1	-1	
-1	998	-1	
-1	-1	-1	

3 3
-1	-1	-1	
801f	999	-1	
-1	-1	-1	

0 0

0 26 0
27 27 32
28 33 0
34 34 32
35 36 0
37 37 3
38 106 0
107 107 32
108 123 0
124 124 32
125 154 0
155 155 16
156 173 0
174 174 3
175 227 0
228 228 3
229 260 0
261 261 32
262 283 0
284 284 32
285 363 0
364 364 16
365 380 0
381 381 32
382 398 0
399 399 32
400 451 0
452 452 32
453 457 0
458 458 16
459 472 0
473 473 16
474 476 0
477 477 4
478 498 0
499 499 32
500 501 0
502 502 32
503 517 0
518 518 16
519 521 0
522 522 32
523 529 0
530 530 32
531 537 0
538 538 32
539 540 0
541 541 16
542 558 0
559 559 32
560 575 0
576 576 32
577 589 0
590 590 4
591 599 0
600 600 32
601 602 0
603 603 32
604 613 0
614 614 2
615 624 0
625 625 4
626 637 0
638 638 32
639 647 0
648 648 32
649 678 0
679 679 32
680 701 0
702 702 32
703 717 0
718 718 32
719 729 0
730 730 4
731 738 0
739 739 32
740 775 0
776 776 16
777 777 32
778 786 0
787 787 32
788 795 0
796 796 32
797 807 0
808 808 1
809 809 32
810 817 0
818 818 3
819 845 0
846 846 32
847 860 0
861 861 32
862 865 0
866 866 32
867 869 0
870 870 16
871 892 0
893 893 32
894 899 0
900 900 32
901 905 0
906 906 32
907 915 0
916 917 32
918 922 0
923 923 32
924 945 0
946 946 32
947 949 0
950 950 32
951 974 0
975 975 32
976 999 0
-1 -1 0
