325 376

3 3
199	290	291	
309	0	1	
319	10	11	

3 3
290	291	292	
0	1	2	
10	11	12	

3 3
291	292	293	
1	2	3	
11	12	13	

3 3
292	293	294	
2	3	4	
12	13	14	

3 3
293	294	295	
3	4	5	
13	14	15	

3 3
294	295	296	
4	5	6	
14	15	16	

3 3
295	296	297	
5	6	7	
15	16	17	

3 3
296	297	298	
6	7	8	
16	17	-1	

3 3
297	298	299	
7	8	9	
17	-1	19	

3 3
298	299	390	
8	9	100	
-1	19	110	

3 3
309	0	1	
319	10	11	
329	20	21	

3 3
0	1	2	
10	11	12	
20	21	22	

3 3
1	2	3	
11	12	13	
21	22	23	

3 3
2	3	4	
12	13	14	
22	23	24	

3 3
3	4	5	
13	14	15	
23	24	25	

3 3
4	5	6	
14	15	16	
24	25	26	

3 3
5	6	7	
15	16	17	
25	26	27	

3 3
6	7	8	
16	17	-1	
26	27	371g	

3 3
559g	553	-1	
-1	18	-1	
-1	469	-1	

3 3
8	9	100	
-1	19	110	
543g	29	120	

3 3
319	10	11	
329	20	21	
-1	30	31	

3 3
10	11	12	
20	21	22	
30	31	32	

3 3
11	12	13	
21	22	23	
31	32	33	

3 3
12	13	14	
22	23	24	
32	33	34	

3 3
13	14	15	
23	24	25	
33	34	35	

3 3
14	15	16	
24	25	26	
34	35	36	

3 3
15	16	17	
25	26	27	
35	36	-1	

3 3
16	17	-1	
26	27	371g	
36	-1	-1	

3 3
-1	-1	-1	
-1	28	-1	
-1	-1	-1	

3 3
-1	19	110	
543g	29	120	
-1	39	130	

3 3
329	20	21	
-1	30	31	
-1	40	41	

3 3
20	21	22	
30	31	32	
40	41	42	

3 3
21	22	23	
31	32	33	
41	42	43	

3 3
22	23	24	
32	33	34	
42	43	44	

3 3
23	24	25	
33	34	35	
43	44	45	

3 3
24	25	26	
34	35	36	
44	45	46	

3 3
25	26	27	
35	36	-1	
45	46	-1	

3 3
-1	-1	-1	
-1	37	-1	
-1	-1	-1	

3 3
-1	-1	-1	
368g	38	394e	
367g	601g	353h	

3 3
543g	29	120	
-1	39	130	
48	49	140	

3 3
-1	30	31	
-1	40	41	
-1	50	51	

3 3
30	31	32	
40	41	42	
50	51	52	

3 3
31	32	33	
41	42	43	
51	52	53	

3 3
32	33	34	
42	43	44	
52	53	54	

3 3
33	34	35	
43	44	45	
53	54	55	

3 3
34	35	36	
44	45	46	
54	55	56	

3 3
35	36	-1	
45	46	-1	
55	56	-1	

3 3
-1	-1	-1	
-1	47	-1	
-1	-1	-1	

3 3
147c	-1	39	
493e	48	49	
-1	58	59	

3 3
-1	39	130	
48	49	140	
58	59	150	

3 3
-1	40	41	
-1	50	51	
-1	60	61	

3 3
40	41	42	
50	51	52	
60	61	604	

3 3
41	42	43	
51	52	53	
61	604	-1	

3 3
42	43	44	
52	53	54	
604	-1	64	

3 3
43	44	45	
53	54	55	
-1	64	65	

3 3
44	45	46	
54	55	56	
64	65	66	

3 3
45	46	-1	
55	56	-1	
65	66	611	

3 3
-1	134d	-1	
596h	57	586g	
-1	538f	-1	

3 3
493e	48	49	
-1	58	59	
611	68	69	

3 3
48	49	140	
58	59	150	
68	69	160	

3 3
-1	50	51	
-1	60	61	
-1	70	71	

3 3
50	51	52	
60	61	604	
70	71	-1	

3 3
-1	590c	-1	
493	62	-1	
147g	385g	-1	

3 3
581e	351e	593c	
-1	63	-1	
-1	556	-1	

3 3
53	54	55	
-1	64	65	
73	74	75	

3 3
54	55	56	
64	65	66	
74	75	76	

3 3
55	56	-1	
65	66	611	
75	76	77	

3 3
-1	594f	-1	
-1	67	-1	
-1	568c	-1	

3 3
-1	58	59	
611	68	69	
77	78	79	

3 3
58	59	150	
68	69	160	
78	79	170	

3 3
-1	60	61	
-1	70	71	
389	80	-1	

3 3
60	61	604	
70	71	-1	
80	-1	82	

3 3
-1	-1	-1	
-1	72	-1	
-1	-1	-1	

3 3
604	-1	64	
-1	73	74	
82	83	603	

3 3
-1	64	65	
73	74	75	
83	603	85	

3 3
64	65	66	
74	75	76	
603	85	86	

3 3
65	66	611	
75	76	77	
85	86	87	

3 3
66	611	68	
76	77	78	
86	87	88	

3 3
611	68	69	
77	78	79	
87	88	89	

3 3
68	69	160	
78	79	170	
88	89	180	

3 3
-1	70	71	
389	80	-1	
399	90	91	

3 3
-1	548b	-1	
-1	81	-1	
-1	335f	-1	

3 3
71	-1	73	
-1	82	83	
91	92	93	

3 3
-1	73	74	
82	83	603	
92	93	94	

3 3
-1	-1	135h	
525f	84	242h	
-1	-1	531f	

3 3
74	75	76	
603	85	86	
94	95	-1	

3 3
75	76	77	
85	86	87	
95	-1	97	

3 3
76	77	78	
86	87	88	
-1	97	98	

3 3
77	78	79	
87	88	89	
97	98	99	

3 3
78	79	170	
88	89	180	
98	99	190	

3 3
389	80	-1	
399	90	91	
109	200	201	

3 3
80	-1	82	
90	91	92	
200	201	202	

3 3
-1	82	83	
91	92	93	
201	202	203	

3 3
82	83	603	
92	93	94	
202	203	204	

3 3
83	603	85	
93	94	95	
203	204	205	

3 3
603	85	86	
94	95	-1	
204	205	206	

3 3
-1	-1	-1	
554h	96	540g	
-1	-1	-1	

3 3
86	87	88	
-1	97	98	
206	207	208	

3 3
87	88	89	
97	98	99	
207	208	209	

3 3
88	89	180	
98	99	190	
208	209	300	

3 3
299	390	391	
9	100	101	
19	110	111	

3 3
390	391	392	
100	101	102	
110	111	112	

3 3
391	392	393	
101	102	103	
111	112	113	

3 3
392	393	-1	
102	103	104	
112	113	114	

3 3
393	-1	-1	
103	104	105	
113	114	115	

3 3
-1	-1	-1	
104	105	106	
114	115	116	

3 3
-1	-1	397	
105	106	107	
115	116	117	

3 3
-1	397	398	
106	107	108	
116	117	118	

3 3
397	398	399	
107	108	109	
117	118	119	

3 3
398	399	90	
108	109	200	
118	119	210	

3 3
9	100	101	
19	110	111	
29	120	121	

3 3
100	101	102	
110	111	112	
120	121	-1	

3 3
101	102	103	
111	112	113	
121	-1	-1	

3 3
102	103	104	
112	113	114	
-1	-1	-1	

3 3
103	104	105	
113	114	115	
-1	-1	575c	

3 3
104	105	106	
114	115	116	
-1	575c	-1	

3 3
105	106	107	
115	116	117	
575c	-1	-1	

3 3
106	107	108	
116	117	118	
-1	-1	128	

3 3
107	108	109	
117	118	119	
-1	128	129	

3 3
108	109	200	
118	119	210	
128	129	220	

3 3
19	110	111	
29	120	121	
39	130	131	

3 3
110	111	112	
120	121	-1	
130	131	-1	

3 3
-1	438	439	
-1	122	-1	
-1	529g	-1	

3 3
442b	557g	441b	
-1	123	-1	
-1	526c	-1	

3 3
560e	-1	-1	
567g	124	135e	
273h	-1	-1	

3 3
-1	-1	-1	
-1	125	-1	
-1	-1	-1	

3 3
-1	-1	-1	
142	126	555d	
-1	-1	-1	

3 3
481d	477d	-1	
472d	127	-1	
405d	401d	-1	

3 3
117	118	119	
-1	128	129	
-1	138	139	

3 3
118	119	210	
128	129	220	
138	139	230	

3 3
29	120	121	
39	130	131	
49	140	141	

3 3
120	121	-1	
130	131	-1	
140	141	-1	

3 3
-1	144b	-1	
584b	132	582e	
-1	378c	-1	

3 3
364e	551c	-1	
-1	133	-1	
-1	596f	-1	

3 3
585f	-1	596e	
143c	134	57d	
549e	-1	586b	

3 3
337g	-1	-1	
242	135	124e	
84h	-1	-1	

3 3
-1	-1	-1	
-1	136	-1	
-1	-1	-1	

3 3
509b	508b	507b	
-1	137	-1	
378	544h	599b	

3 3
-1	128	129	
-1	138	139	
-1	148	149	

3 3
128	129	220	
138	139	230	
148	149	240	

3 3
39	130	131	
49	140	141	
59	150	151	

3 3
130	131	-1	
140	141	-1	
150	151	-1	

3 3
-1	-1	-1	
591f	142	126	
-1	-1	-1	

3 3
-1	134g	-1	
585h	143	549c	
-1	236g	-1	

3 3
545h	558h	594c	
-1	144	-1	
582f	132b	584	

3 3
494h	498h	502h	
527b	145	588h	
-1	-1	-1	

3 3
-1	-1	-1	
-1	146	-1	
-1	-1	-1	

3 3
454e	-1	48g	
462e	147	493c	
539	385	62c	

3 3
-1	138	139	
-1	148	149	
-1	158	159	

3 3
138	139	230	
148	149	240	
158	159	250	

3 3
49	140	141	
59	150	151	
69	160	161	

3 3
140	141	-1	
150	151	-1	
160	161	162	

3 3
338b	-1	-1	
532e	152	561	
597	-1	-1	

3 3
-1	-1	-1	
559c	153	590f	
-1	-1	-1	

3 3
-1	-1	560b	
350d	154	349d	
-1	-1	565g	

3 3
568	598d	358	
-1	155	-1	
-1	350b	-1	

3 3
426b	-1	-1	
430b	156	575b	
576e	-1	-1	

3 3
-1	-1	-1	
354f	157	546g	
-1	-1	-1	

3 3
-1	148	149	
-1	158	159	
167	168	169	

3 3
148	149	240	
158	159	250	
168	169	260	

3 3
59	150	151	
69	160	161	
79	170	171	

3 3
150	151	-1	
160	161	162	
170	171	172	

3 3
151	-1	-1	
161	162	163	
171	172	173	

3 3
-1	-1	400	
162	163	164	
172	173	174	

3 3
-1	400	-1	
163	164	165	
173	174	175	

3 3
400	-1	-1	
164	165	166	
174	175	176	

3 3
-1	-1	-1	
165	166	167	
175	176	177	

3 3
-1	-1	158	
166	167	168	
176	177	178	

3 3
-1	158	159	
167	168	169	
177	178	179	

3 3
158	159	250	
168	169	260	
178	179	270	

3 3
69	160	161	
79	170	171	
89	180	181	

3 3
160	161	162	
170	171	172	
180	181	182	

3 3
161	162	163	
171	172	173	
181	182	183	

3 3
162	163	164	
172	173	174	
182	183	184	

3 3
163	164	165	
173	174	175	
183	184	185	

3 3
164	165	166	
174	175	176	
184	185	186	

3 3
165	166	167	
175	176	177	
185	186	187	

3 3
166	167	168	
176	177	178	
186	187	188	

3 3
167	168	169	
177	178	179	
187	188	189	

3 3
168	169	260	
178	179	270	
188	189	280	

3 3
79	170	171	
89	180	181	
99	190	191	

3 3
170	171	172	
180	181	182	
190	191	192	

3 3
171	172	173	
181	182	183	
191	192	193	

3 3
172	173	174	
182	183	184	
192	193	194	

3 3
173	174	175	
183	184	185	
193	194	195	

3 3
174	175	176	
184	185	186	
194	195	196	

3 3
175	176	177	
185	186	187	
195	196	197	

3 3
176	177	178	
186	187	188	
196	197	198	

3 3
177	178	179	
187	188	189	
197	198	199	

3 3
178	179	270	
188	189	280	
198	199	290	

3 3
89	180	181	
99	190	191	
209	300	301	

3 3
180	181	182	
190	191	192	
300	301	302	

3 3
181	182	183	
191	192	193	
301	302	303	

3 3
182	183	184	
192	193	194	
302	303	304	

3 3
183	184	185	
193	194	195	
303	304	305	

3 3
184	185	186	
194	195	196	
304	305	306	

3 3
185	186	187	
195	196	197	
305	306	307	

3 3
186	187	188	
196	197	198	
306	307	308	

3 3
187	188	189	
197	198	199	
307	308	309	

3 3
188	189	280	
198	199	290	
308	309	0	

3 3
399	90	91	
109	200	201	
119	210	211	

3 3
90	91	92	
200	201	202	
210	211	212	

3 3
91	92	93	
201	202	203	
211	212	213	

3 3
92	93	94	
202	203	204	
212	213	214	

3 3
93	94	95	
203	204	205	
213	214	215	

3 3
94	95	-1	
204	205	206	
214	215	216	

3 3
95	-1	97	
205	206	207	
215	216	217	

3 3
-1	97	98	
206	207	208	
216	217	218	

3 3
97	98	99	
207	208	209	
217	218	219	

3 3
98	99	190	
208	209	300	
218	219	310	

3 3
109	200	201	
119	210	211	
129	220	221	

3 3
200	201	202	
210	211	212	
220	221	222	

3 3
201	202	203	
211	212	213	
221	222	223	

3 3
202	203	204	
212	213	214	
222	223	224	

3 3
203	204	205	
213	214	215	
223	224	225	

3 3
204	205	206	
214	215	216	
224	225	226	

3 3
205	206	207	
215	216	217	
225	226	227	

3 3
206	207	208	
216	217	218	
226	227	228	

3 3
207	208	209	
217	218	219	
227	228	229	

3 3
208	209	300	
218	219	310	
228	229	320	

3 3
119	210	211	
129	220	221	
139	230	231	

3 3
210	211	212	
220	221	222	
230	231	232	

3 3
211	212	213	
221	222	223	
231	232	233	

3 3
212	213	214	
222	223	224	
232	233	234	

3 3
213	214	215	
223	224	225	
233	234	235	

3 3
214	215	216	
224	225	226	
234	235	606	

3 3
215	216	217	
225	226	227	
235	606	237	

3 3
216	217	218	
226	227	228	
606	237	238	

3 3
217	218	219	
227	228	229	
237	238	239	

3 3
218	219	310	
228	229	320	
238	239	330	

3 3
129	220	221	
139	230	231	
149	240	241	

3 3
220	221	222	
230	231	232	
240	241	610	

3 3
221	222	223	
231	232	233	
241	610	243	

3 3
222	223	224	
232	233	234	
610	243	244	

3 3
223	224	225	
233	234	235	
243	244	245	

3 3
224	225	226	
234	235	606	
244	245	246	

3 3
-1	-1	585f	
523d	236	143c	
-1	-1	549e	

3 3
226	227	228	
606	237	238	
246	247	248	

3 3
227	228	229	
237	238	239	
247	248	249	

3 3
228	229	320	
238	239	330	
248	249	340	

3 3
139	230	231	
149	240	241	
159	250	251	

3 3
230	231	232	
240	241	610	
250	251	252	

3 3
-1	337g	-1	
531g	242	135	
-1	84h	-1	

3 3
232	233	234	
610	243	244	
252	253	254	

3 3
233	234	235	
243	244	245	
253	254	255	

3 3
234	235	606	
244	245	246	
254	255	256	

3 3
235	606	237	
245	246	247	
255	256	257	

3 3
606	237	238	
246	247	248	
256	257	258	

3 3
237	238	239	
247	248	249	
257	258	259	

3 3
238	239	330	
248	249	340	
258	259	-1	

3 3
149	240	241	
159	250	251	
169	260	-1	

3 3
240	241	610	
250	251	252	
260	-1	262	

3 3
241	610	243	
251	252	253	
-1	262	263	

3 3
610	243	244	
252	253	254	
262	263	264	

3 3
243	244	245	
253	254	255	
263	264	265	

3 3
244	245	246	
254	255	256	
264	265	266	

3 3
245	246	247	
255	256	257	
265	266	605	

3 3
246	247	248	
256	257	258	
266	605	268	

3 3
247	248	249	
257	258	259	
605	268	269	

3 3
248	249	340	
258	259	-1	
268	269	360	

3 3
159	250	251	
169	260	-1	
179	270	271	

3 3
560f	-1	-1	
567h	261	578d	
273g	-1	-1	

3 3
251	252	253	
-1	262	263	
271	272	-1	

3 3
252	253	254	
262	263	264	
272	-1	274	

3 3
253	254	255	
263	264	265	
-1	274	275	

3 3
254	255	256	
264	265	266	
274	275	-1	

3 3
255	256	257	
265	266	605	
275	-1	277	

3 3
-1	-1	-1	
573f	267	565	
-1	-1	-1	

3 3
257	258	259	
605	268	269	
277	278	279	

3 3
258	259	-1	
268	269	360	
278	279	370	

3 3
169	260	-1	
179	270	271	
189	280	281	

3 3
260	-1	262	
270	271	272	
280	281	282	

3 3
-1	262	263	
271	272	-1	
281	282	283	

3 3
-1	-1	124h	
572f	273	567f	
-1	-1	261c	

3 3
263	264	265	
-1	274	275	
283	284	285	

3 3
264	265	266	
274	275	-1	
284	285	286	

3 3
545c	558c	594h	
-1	276	-1	
599f	544d	378e	

3 3
266	605	268	
-1	277	278	
286	287	288	

3 3
605	268	269	
277	278	279	
287	288	289	

3 3
268	269	360	
278	279	370	
288	289	380	

3 3
179	270	271	
189	280	281	
199	290	291	

3 3
270	271	272	
280	281	282	
290	291	292	

3 3
271	272	-1	
281	282	283	
291	292	293	

3 3
272	-1	274	
282	283	284	
292	293	294	

3 3
-1	274	275	
283	284	285	
293	294	295	

3 3
274	275	-1	
284	285	286	
294	295	296	

3 3
275	-1	277	
285	286	287	
295	296	297	

3 3
-1	277	278	
286	287	288	
296	297	298	

3 3
277	278	279	
287	288	289	
297	298	299	

3 3
278	279	370	
288	289	380	
298	299	390	

3 3
189	280	281	
199	290	291	
309	0	1	

3 3
280	281	282	
290	291	292	
0	1	2	

3 3
281	282	283	
291	292	293	
1	2	3	

3 3
282	283	284	
292	293	294	
2	3	4	

3 3
283	284	285	
293	294	295	
3	4	5	

3 3
284	285	286	
294	295	296	
4	5	6	

3 3
285	286	287	
295	296	297	
5	6	7	

3 3
286	287	288	
296	297	298	
6	7	8	

3 3
287	288	289	
297	298	299	
7	8	9	

3 3
288	289	380	
298	299	390	
8	9	100	

3 3
99	190	191	
209	300	301	
219	310	311	

3 3
190	191	192	
300	301	302	
310	311	312	

3 3
191	192	193	
301	302	303	
311	312	313	

3 3
192	193	194	
302	303	304	
312	313	314	

3 3
193	194	195	
303	304	305	
313	314	315	

3 3
194	195	196	
304	305	306	
314	315	316	

3 3
195	196	197	
305	306	307	
315	316	317	

3 3
196	197	198	
306	307	308	
316	317	318	

3 3
197	198	199	
307	308	309	
317	318	319	

3 3
198	199	290	
308	309	0	
318	319	10	

3 3
209	300	301	
219	310	311	
229	320	321	

3 3
300	301	302	
310	311	312	
320	321	322	

3 3
301	302	303	
311	312	313	
321	322	-1	

3 3
302	303	304	
312	313	314	
322	-1	-1	

3 3
303	304	305	
313	314	315	
-1	-1	-1	

3 3
304	305	306	
314	315	316	
-1	-1	326	

3 3
305	306	307	
315	316	317	
-1	326	327	

3 3
306	307	308	
316	317	318	
326	327	328	

3 3
307	308	309	
317	318	319	
327	328	329	

3 3
308	309	0	
318	319	10	
328	329	20	

3 3
219	310	311	
229	320	321	
239	330	331	

3 3
310	311	312	
320	321	322	
330	331	332	

3 3
311	312	313	
321	322	-1	
331	332	-1	

3 3
-1	-1	-1	
-1	323	-1	
-1	-1	-1	

3 3
-1	-1	-1	
-1	324	-1	
-1	-1	-1	

3 3
-1	-1	326c	
607d	325	327c	
-1	-1	328c	

3 3
315	316	317	
-1	326	327	
-1	-1	325g	

3 3
316	317	318	
326	327	328	
-1	325g	-1	

3 3
317	318	319	
327	328	329	
325g	-1	-1	

3 3
318	319	10	
328	329	20	
-1	-1	30	

3 3
229	320	321	
239	330	331	
249	340	341	

3 3
320	321	322	
330	331	332	
340	341	342	

3 3
321	322	-1	
331	332	-1	
341	342	-1	

3 3
-1	-1	-1	
-1	333	-1	
-1	-1	-1	

3 3
-1	-1	-1	
595c	334	561e	
-1	-1	-1	

3 3
-1	547c	-1	
-1	335	-1	
-1	81f	-1	

3 3
-1	-1	-1	
-1	336	-1	
-1	-1	-1	

3 3
531	-1	-1	
242c	337	582	
135c	-1	-1	

3 3
-1	564d	-1	
-1	338	-1	
152b	532f	374g	

3 3
-1	-1	-1	
-1	339	-1	
-1	-1	-1	

3 3
239	330	331	
249	340	341	
259	-1	600	

3 3
330	331	332	
340	341	342	
-1	600	352	

3 3
331	332	-1	
341	342	-1	
600	352	-1	

3 3
-1	-1	-1	
-1	343	-1	
-1	-1	-1	

3 3
-1	-1	-1	
554g	344	537f	
-1	-1	-1	

3 3
602	-1	-1	
609	345	346	
-1	355	356	

3 3
-1	-1	-1	
345	346	347	
355	356	357	

3 3
-1	-1	-1	
346	347	348	
356	357	-1	

3 3
-1	-1	-1	
347	348	-1	
357	-1	-1	

3 3
-1	154d	-1	
560g	349	565b	
-1	542b	-1	

3 3
-1	155b	-1	
-1	350	-1	
-1	154d	-1	

3 3
-1	63e	-1	
593g	351	581	
-1	548b	-1	

3 3
341	342	-1	
600	352	-1	
361	362	-1	

3 3
-1	-1	-1	
-1	353	394d	
376f	601f	38h	

3 3
-1	-1	-1	
531c	354	157f	
-1	-1	-1	

3 3
609	345	346	
-1	355	356	
364	365	366	

3 3
345	346	347	
355	356	357	
365	366	367	

3 3
346	347	348	
356	357	-1	
366	367	368	

3 3
418f	419f	420f	
598d	358	436f	
155	-1	471f	

3 3
-1	-1	-1	
-1	359	-1	
-1	-1	-1	

3 3
259	-1	600	
269	360	361	
279	370	608	

3 3
-1	600	352	
360	361	362	
370	608	372	

3 3
600	352	-1	
361	362	-1	
608	372	-1	

3 3
543c	550g	-1	
-1	363	-1	
-1	599d	-1	

3 3
133e	-1	355	
551g	364	365	
545f	-1	375	

3 3
-1	355	356	
364	365	366	
-1	375	376	

3 3
355	356	357	
365	366	367	
375	376	601	

3 3
356	357	-1	
366	367	368	
376	601	38c	

3 3
357	-1	-1	
367	368	-1	
601	38c	-1	

3 3
-1	-1	-1	
-1	369	-1	
-1	-1	-1	

3 3
269	360	361	
279	370	608	
289	380	381	

3 3
-1	27c	17c	
-1	371	-1	
-1	413d	409d	

3 3
361	362	-1	
608	372	-1	
381	382	383	

3 3
-1	-1	-1	
-1	373	-1	
-1	-1	-1	

3 3
597h	532d	338c	
-1	374	-1	
-1	506f	507f	

3 3
364	365	366	
-1	375	376	
-1	607	-1	

3 3
365	366	367	
375	376	601	
607	-1	353f	

3 3
-1	576e	-1	
-1	377	-1	
-1	595e	-1	

3 3
582c	-1	137	
132g	378	544h	
584d	-1	276e	

3 3
-1	-1	-1	
-1	379	-1	
-1	-1	-1	

3 3
279	370	608	
289	380	381	
299	390	391	

3 3
370	608	372	
380	381	382	
390	391	392	

3 3
608	372	-1	
381	382	383	
391	392	393	

3 3
372	-1	-1	
382	383	-1	
392	393	-1	

3 3
-1	-1	-1	
-1	384	-1	
-1	-1	-1	

3 3
462e	147	493c	
539	385	62c	
527g	-1	-1	

3 3
-1	562b	-1	
-1	386	-1	
477e	476e	475e	

3 3
-1	-1	-1	
-1	387	-1	
-1	-1	-1	

3 3
-1	-1	-1	
-1	388	-1	
-1	-1	-1	

3 3
-1	-1	70	
-1	389	80	
398	399	90	

3 3
289	380	381	
299	390	391	
9	100	101	

3 3
380	381	382	
390	391	392	
100	101	102	

3 3
381	382	383	
391	392	393	
101	102	103	

3 3
382	383	-1	
392	393	-1	
102	103	104	

3 3
-1	353d	601c	
-1	394	38e	
-1	-1	-1	

3 3
-1	-1	-1	
-1	395	-1	
-1	-1	-1	

3 3
-1	-1	-1	
-1	396	-1	
-1	-1	-1	

3 3
-1	-1	-1	
-1	397	398	
106	107	108	

3 3
-1	-1	389	
397	398	399	
107	108	109	

3 3
-1	389	80	
398	399	90	
108	109	200	

3 3
401	402	403	
-1	400	-1	
163	164	165	

3 3
472	405	406	
127d	401	402	
-1	-1	400	

3 3
405	406	407	
401	402	403	
-1	400	-1	

3 3
406	407	408	
402	403	404	
400	-1	-1	

3 3
407	408	-1	
403	404	556c	
-1	-1	-1	

3 3
-1	409	410	
472	405	406	
127d	401	402	

3 3
409	410	411	
405	406	407	
401	402	403	

3 3
410	411	412	
406	407	408	
402	403	404	

3 3
411	412	417	
407	408	-1	
403	404	556c	

3 3
371d	413	414	
-1	409	410	
472	405	406	

3 3
413	414	415	
409	410	411	
405	406	407	

3 3
414	415	416	
410	411	412	
406	407	408	

3 3
415	416	-1	
411	412	417	
407	408	-1	

3 3
-1	-1	-1	
371d	413	414	
-1	409	410	

3 3
-1	-1	435	
413	414	415	
409	410	411	

3 3
-1	435	-1	
414	415	416	
410	411	412	

3 3
435	-1	-1	
415	416	-1	
411	412	417	

3 3
416	-1	418	
412	417	422	
408	-1	426	

3 3
568f	598g	358f	
-1	418	419	
417	422	423	

3 3
598g	358f	436	
418	419	420	
422	423	424	

3 3
358f	436	580h	
419	420	421	
423	424	425	

3 3
436	580h	577h	
420	421	-1	
424	425	-1	

3 3
-1	418	419	
417	422	423	
-1	426	427	

3 3
418	419	420	
422	423	424	
426	427	428	

3 3
419	420	421	
423	424	425	
427	428	429	

3 3
420	421	-1	
424	425	-1	
428	429	-1	

3 3
417	422	423	
-1	426	427	
156b	430	431	

3 3
422	423	424	
426	427	428	
430	431	432	

3 3
423	424	425	
427	428	429	
431	432	433	

3 3
424	425	-1	
428	429	-1	
432	433	434	

3 3
-1	426	427	
156b	430	431	
-1	576f	-1	

3 3
426	427	428	
430	431	432	
576f	-1	564c	

3 3
427	428	429	
431	432	433	
-1	564c	-1	

3 3
428	429	-1	
432	433	434	
564c	-1	-1	

3 3
429	-1	-1	
433	434	434b	
-1	-1	-1	

3 3
439	440	441	
-1	435	-1	
414	415	416	

3 3
-1	471	-1	
358f	436	580h	
419	420	421	

3 3
442	443	444	
-1	437	-1	
438c	446c	454c	

3 3
437g	446	447	
-1	438	439	
-1	122	-1	

3 3
446	447	448	
438	439	440	
122	-1	435	

3 3
447	448	449	
439	440	441	
-1	435	-1	

3 3
448	449	583e	
440	441	557h	
435	-1	123b	

3 3
583e	450	451	
557h	442	443	
123b	-1	437	

3 3
450	451	452	
442	443	444	
-1	437	-1	

3 3
451	452	453	
443	444	445	
437	-1	-1	

3 3
452	453	468g	
444	445	467g	
-1	-1	466g	

3 3
-1	454	455	
437g	446	447	
-1	438	439	

3 3
454	455	456	
446	447	448	
438	439	440	

3 3
455	456	457	
447	448	449	
439	440	441	

3 3
456	457	522e	
448	449	583e	
440	441	557h	

3 3
522e	458	459	
583e	450	451	
557h	442	443	

3 3
458	459	460	
450	451	452	
442	443	444	

3 3
459	460	461	
451	452	453	
443	444	445	

3 3
460	461	574c	
452	453	468g	
444	445	467g	

3 3
147e	462	463	
-1	454	455	
437g	446	447	

3 3
462	463	464	
454	455	456	
446	447	448	

3 3
463	464	465	
455	456	457	
447	448	449	

3 3
464	465	587h	
456	457	522e	
448	449	583e	

3 3
587h	466	467	
522e	458	459	
583e	450	451	

3 3
466	467	468	
458	459	460	
450	451	452	

3 3
467	468	574e	
459	460	461	
451	452	453	

3 3
468	574e	-1	
460	461	574c	
452	453	468g	

3 3
385e	539e	490	
147e	462	463	
-1	454	455	

3 3
539e	490	491	
462	463	464	
454	455	456	

3 3
490	491	492	
463	464	465	
455	456	457	

3 3
491	492	579	
464	465	587h	
456	457	522e	

3 3
579	-1	445c	
587h	466	467	
522e	458	459	

3 3
-1	445c	453c	
466	467	468	
458	459	460	

3 3
445c	453c	461c	
467	468	574e	
459	460	461	

3 3
-1	18	-1	
-1	469	-1	
540d	592d	541c	

3 3
-1	-1	-1	
-1	470	-1	
-1	-1	-1	

3 3
-1	525h	-1	
-1	471	-1	
358f	436	580h	

3 3
485	-1	409	
481	472	405	
477	127d	401	

3 3
501	533g	514	
497	473	510	
579	-1	506	

3 3
-1	478	479	
578g	474	475	
-1	536h	-1	

3 3
478	479	480	
474	475	476	
536h	-1	386e	

3 3
479	480	481	
475	476	477	
-1	386e	-1	

3 3
480	481	472	
476	477	127d	
386e	-1	-1	

3 3
572b	482	-1	
-1	478	479	
578g	474	475	

3 3
482	-1	484	
478	479	480	
474	475	476	

3 3
-1	484	485	
479	480	481	
475	476	477	

3 3
484	485	-1	
480	481	472	
476	477	127d	

3 3
-1	486	487	
572b	482	-1	
-1	478	479	

3 3
-1	-1	586b	
529b	483	570d	
-1	-1	584g	

3 3
503	488	489	
-1	484	485	
479	480	481	

3 3
488	489	-1	
484	485	-1	
480	481	472	

3 3
-1	535b	-1	
-1	486	487	
572b	482	-1	

3 3
535b	-1	-1	
486	487	504	
482	-1	500	

3 3
-1	530g	-1	
503	488	489	
-1	484	485	

3 3
530g	-1	-1	
488	489	-1	
484	485	-1	

3 3
527c	494	495	
539e	490	491	
462	463	464	

3 3
494	495	496	
490	491	492	
463	464	465	

3 3
495	496	497	
491	492	579	
464	465	587h	

3 3
58e	-1	590c	
48e	493	62	
-1	147g	385g	

3 3
145h	498	-1	
527c	494	495	
539e	490	491	

3 3
498	-1	500	
494	495	496	
490	491	492	

3 3
-1	500	501	
495	496	497	
491	492	579	

3 3
500	501	533g	
496	497	473	
492	579	-1	

3 3
588	502	503	
145h	498	-1	
527c	494	495	

3 3
-1	-1	-1	
-1	499	-1	
-1	-1	-1	

3 3
487	504	505	
-1	500	501	
495	496	497	

3 3
504	505	-1	
500	501	533g	
496	497	473	

3 3
591h	-1	-1	
588	502	503	
145h	498	-1	

3 3
-1	-1	530g	
502	503	488	
498	-1	484	

3 3
-1	-1	518f	
487	504	505	
-1	500	501	

3 3
-1	518f	519f	
504	505	-1	
500	501	533g	

3 3
473	510	511	
-1	506	507	
-1	374f	-1	

3 3
510	511	512	
506	507	508	
374f	-1	137b	

3 3
511	512	513	
507	508	509	
-1	137b	-1	

3 3
512	513	-1	
508	509	-1	
137b	-1	-1	

3 3
533g	514	515	
473	510	511	
-1	506	507	

3 3
514	515	516	
510	511	512	
506	507	508	

3 3
515	516	517	
511	512	513	
507	508	509	

3 3
516	517	547f	
512	513	-1	
508	509	-1	

3 3
-1	518	519	
533g	514	515	
473	510	511	

3 3
518	519	520	
514	515	516	
510	511	512	

3 3
519	520	521	
515	516	517	
511	512	513	

3 3
520	521	-1	
516	517	547f	
512	513	-1	

3 3
504f	505f	-1	
-1	518	519	
533g	514	515	

3 3
505f	-1	524h	
518	519	520	
514	515	516	

3 3
-1	524h	-1	
519	520	521	
515	516	517	

3 3
524h	-1	-1	
520	521	-1	
516	517	547f	

3 3
450e	583	449e	
458e	522	457e	
466e	587d	465e	

3 3
-1	573g	-1	
-1	523	-1	
-1	236d	-1	

3 3
521h	-1	-1	
520h	524	536	
519h	-1	-1	

3 3
-1	-1	-1	
471h	525	84f	
-1	-1	-1	

3 3
-1	-1	-1	
123g	526	537e	
-1	-1	-1	

3 3
498g	494g	490g	
145b	527	539c	
-1	-1	385c	

3 3
-1	-1	-1	
-1	528	-1	
-1	-1	-1	

3 3
-1	-1	-1	
483b	529	122c	
-1	-1	-1	

3 3
503c	-1	-1	
488c	530	589h	
489c	-1	-1	

3 3
-1	354g	-1	
-1	531	-1	
84f	242c	337	

3 3
-1	597e	-1	
152e	532	374d	
-1	338f	-1	

3 3
497c	501c	505c	
473c	533	-1	
510c	514c	518c	

3 3
-1	-1	-1	
-1	534	-1	
-1	-1	-1	

3 3
-1	562f	-1	
-1	535	-1	
487b	486b	-1	

3 3
-1	-1	475h	
524	536	474h	
-1	-1	578f	

3 3
-1	-1	-1	
344f	537	526e	
-1	-1	-1	

3 3
-1	549f	-1	
-1	538	-1	
596c	57f	586d	

3 3
463e	462e	147	
490e	539	385	
494e	527g	-1	

3 3
-1	96c	-1	
-1	540	-1	
469d	592	-1	

3 3
-1	597b	-1	
-1	541	-1	
469g	592f	-1	

3 3
565	349b	560h	
-1	542	-1	
-1	589	-1	

3 3
566b	550e	363g	
-1	543	-1	
39c	29c	19c	

3 3
-1	599c	-1	
276d	544	137h	
-1	378h	-1	

3 3
144h	558	276g	
-1	545	-1	
-1	551d	364f	

3 3
-1	157c	-1	
-1	546	-1	
-1	577	-1	

3 3
513f	-1	-1	
517f	547	335g	
521f	-1	-1	

3 3
581b	351b	593h	
-1	548	-1	
-1	81b	-1	

3 3
-1	538f	-1	
-1	549	-1	
134e	143g	236e	

3 3
-1	543e	-1	
363c	550	566f	
-1	-1	-1	

3 3
-1	-1	-1	
545d	551	133g	
-1	364c	-1	

3 3
-1	-1	-1	
-1	552	-1	
-1	-1	-1	

3 3
-1	-1	-1	
559g	553	-1	
-1	18	-1	

3 3
-1	96h	-1	
-1	554	-1	
-1	344c	-1	

3 3
-1	126d	-1	
-1	555	-1	
-1	593	-1	

3 3
-1	63	-1	
-1	556	-1	
408g	404g	-1	

3 3
-1	442h	450h	
123c	557	583d	
-1	441h	449h	

3 3
-1	594b	-1	
144h	558	276g	
-1	545	-1	

3 3
-1	153g	-1	
-1	559	-1	
18c	553c	-1	

3 3
124e	567c	261f	
-1	560	-1	
542h	349c	154b	

3 3
-1	-1	-1	
152	561	334e	
-1	-1	-1	

3 3
-1	535f	-1	
-1	562	-1	
-1	386b	-1	

3 3
-1	-1	-1	
-1	563	-1	
-1	-1	-1	

3 3
433g	-1	-1	
432g	564	338d	
431g	-1	-1	

3 3
-1	-1	154c	
267	565	349b	
-1	-1	542	

3 3
-1	-1	-1	
550f	566	585h	
543b	-1	-1	

3 3
-1	261h	-1	
273f	567	560g	
-1	124c	-1	

3 3
-1	-1	418f	
67g	568	598d	
-1	-1	155	

3 3
-1	-1	-1	
-1	569	-1	
-1	-1	-1	

3 3
-1	483d	-1	
586g	570	584b	
-1	581g	-1	

3 3
-1	-1	-1	
-1	571	-1	
-1	-1	-1	

3 3
486b	-1	-1	
482b	572	273f	
478b	-1	-1	

3 3
-1	-1	-1	
523c	573	267f	
-1	-1	-1	

3 3
574g	461e	460e	
-1	574	468e	
574c	461g	453g	

3 3
116g	-1	-1	
115g	575	156b	
114g	-1	-1	

3 3
-1	377e	-1	
-1	576	-1	
156e	430f	431f	

3 3
-1	546	-1	
-1	577	-1	
421h	580	-1	

3 3
-1	261d	-1	
-1	578	-1	
536f	474c	478c	

3 3
496	497	473	
492	579	-1	
465	587h	466	

3 3
-1	577	-1	
421h	580	-1	
420h	436h	471h	

3 3
63e	-1	586	
351	581	570c	
548b	-1	584h	

3 3
-1	-1	378g	
337	582	132e	
-1	-1	144f	

3 3
442e	557d	441e	
450e	583	449e	
458e	522	457e	

3 3
144	-1	483c	
132b	584	570b	
378d	-1	581h	

3 3
236f	143h	134f	
-1	585	-1	
-1	566h	-1	

3 3
538d	57c	134b	
-1	586	-1	
581	570c	483b	

3 3
458h	466h	-1	
522d	587	579h	
457h	465h	492h	

3 3
-1	591h	-1	
-1	588	502	
-1	145h	498	

3 3
-1	542	-1	
-1	589	-1	
-1	530h	-1	

3 3
-1	-1	-1	
153f	590	62g	
-1	-1	493g	

3 3
502h	-1	-1	
588h	591	142f	
-1	-1	-1	

3 3
-1	540	-1	
469d	592	-1	
-1	541f	-1	

3 3
-1	555	-1	
-1	593	-1	
548h	351c	63g	

3 3
-1	67f	-1	
-1	594	-1	
276h	558b	144g	

3 3
-1	334g	-1	
-1	595	-1	
-1	377e	-1	

3 3
538g	57h	134e	
-1	596	-1	
-1	133f	-1	

3 3
374h	532e	152	
-1	597	-1	
-1	541b	-1	

3 3
-1	568d	-1	
418c	598	155d	
419c	358d	-1	

3 3
-1	-1	137b	
363d	599	544g	
-1	-1	276f	

3 3
340	341	342	
-1	600	352	
360	361	362	

3 3
366	367	368	
376	601	38c	
-1	353f	394g	

3 3
-1	-1	-1	
-1	602	-1	
-1	609	345	

3 3
73	74	75	
83	603	85	
93	94	95	

3 3
51	52	53	
61	604	-1	
71	-1	73	

3 3
256	257	258	
266	605	268	
-1	277	278	

3 3
225	226	227	
235	606	237	
245	246	247	

3 3
-1	375	376	
-1	607	-1	
-1	325d	-1	

3 3
360	361	362	
370	608	372	
380	381	382	

3 3
-1	602	-1	
-1	609	345	
-1	-1	355	

3 3
231	232	233	
241	610	243	
251	252	253	

3 3
56	-1	58	
66	611	68	
76	77	78	

0 0

0 17 3
18 18 0
19 19 3
20 20 1
21 27 3
28 29 0
30 36 3
37 38 0
39 46 3
47 47 0
48 110 3
111 111 0
112 131 3
132 132 0
133 167 3
168 168 4
169 322 3
323 325 0
326 332 3
333 333 0
334 335 3
336 336 0
337 338 3
339 339 0
340 342 3
343 343 0
344 344 3
345 345 2
346 347 4
348 348 2
349 349 0
350 352 3
353 353 0
354 354 3
355 357 4
358 358 3
359 359 0
360 363 3
364 364 2
365 366 4
367 368 2
369 369 0
370 372 3
373 373 0
374 374 3
375 376 2
377 378 3
379 379 16
380 383 3
384 384 0
385 386 3
387 388 0
389 393 3
394 396 0
397 399 3
400 400 22
401 411 0
412 412 2
413 416 0
417 417 16
418 433 0
434 434 4
435 437 16
438 471 0
472 473 16
474 492 0
493 493 3
494 505 0
506 538 1
539 539 2
540 540 1
541 541 3
542 561 1
562 562 2
563 574 1
575 575 4
576 599 1
600 611 32
-1 -1 0
