796 800

3 3
-1	-1	-1	
2b	0	1b	
5b	-1	-1	

3 3
-1	-1	-1	
4	1	0b	
-1	-1	-1	

3 3
-1	-1	-1	
0b	2	-1	
-1	5	3	

3 3
2	-1	-1	
5	3	-1	
-1	106	-1	

3 3
-1	-1	-1	
6	4	1	
-1	-1	-1	

3 3
0b	2	-1	
-1	5	3	
-1	-1	106	

3 3
-1	-1	-1	
7	6	4	
-1	-1	-1	

3 3
-1	-1	-1	
8	7	6	
-1	-1	-1	

3 3
-1	-1	-1	
9	8	7	
-1	-1	-1	

3 3
-1	-1	-1	
10	9	8	
-1	-1	-1	

3 3
-1	-1	-1	
11	10	9	
-1	-1	-1	

3 3
-1	-1	-1	
12	11	10	
-1	-1	-1	

3 3
14c	-1	-1	
13	12	11	
-1	-1	-1	

3 3
-1	14c	-1	
-1	13	12	
-1	-1	-1	

3 3
-1	-1	12g	
15g	14	13g	
-1	-1	-1	

3 3
-1	16b	-1	
-1	15	-1	
-1	14c	-1	

3 3
-1	17d	-1	
-1	16	-1	
-1	15b	-1	

3 3
-1	-1	-1	
18d	17	16d	
-1	-1	-1	

3 3
-1	19d	-1	
-1	18	-1	
-1	17d	-1	

3 3
-1	-1	-1	
20d	19	18d	
-1	-1	-1	

3 3
-1	21d	-1	
-1	20	-1	
-1	19d	-1	

3 3
-1	-1	-1	
22d	21	20d	
-1	-1	-1	

3 3
-1	23d	-1	
-1	22	-1	
-1	21d	-1	

3 3
-1	-1	-1	
24d	23	22d	
-1	-1	-1	

3 3
-1	25d	-1	
-1	24	-1	
-1	23d	-1	

3 3
-1	-1	-1	
26d	25	24d	
-1	-1	-1	

3 3
-1	27d	-1	
-1	26	-1	
-1	25d	-1	

3 3
-1	-1	-1	
28d	27	26d	
-1	-1	-1	

3 3
-1	29d	-1	
-1	28	-1	
-1	27d	-1	

3 3
-1	-1	-1	
30d	29	28d	
-1	-1	-1	

3 3
-1	31d	-1	
-1	30	-1	
-1	29d	-1	

3 3
33c	-1	-1	
32d	31	30d	
-1	-1	-1	

3 3
-1	-1	-1	
33f	32	-1	
-1	31d	-1	

3 3
-1	-1	31g	
34g	33	32f	
-1	-1	-1	

3 3
-1	35c	-1	
-1	34	-1	
-1	33c	-1	

3 3
-1	-1	-1	
36g	35	34g	
-1	-1	-1	

3 3
-1	37c	-1	
-1	36	-1	
-1	35c	-1	

3 3
-1	-1	-1	
38g	37	36g	
-1	-1	-1	

3 3
-1	39c	-1	
-1	38	-1	
-1	37c	-1	

3 3
41c	-1	-1	
40g	39	38g	
-1	-1	-1	

3 3
-1	-1	-1	
-1	40	41e	
-1	39c	-1	

3 3
-1	-1	39g	
42e	41	40e	
-1	-1	-1	

3 3
-1	-1	-1	
41e	42	43e	
-1	-1	-1	

3 3
-1	-1	-1	
44e	43	42e	
-1	-1	-1	

3 3
-1	-1	-1	
43e	44	45e	
-1	-1	-1	

3 3
-1	-1	-1	
46e	45	44e	
-1	-1	-1	

3 3
-1	-1	-1	
45e	46	47e	
-1	-1	-1	

3 3
-1	-1	-1	
48e	47	46e	
-1	-1	-1	

3 3
-1	-1	-1	
47e	48	49e	
-1	-1	173h	

3 3
-1	173d	-1	
50e	49	48e	
-1	-1	-1	

3 3
-1	-1	-1	
49e	50	51e	
173h	-1	-1	

3 3
-1	-1	-1	
52e	51	50e	
-1	-1	-1	

3 3
-1	-1	-1	
51e	52	53e	
-1	-1	-1	

3 3
-1	-1	-1	
54e	53	52e	
-1	-1	-1	

3 3
-1	-1	-1	
53e	54	55e	
-1	-1	-1	

3 3
-1	-1	-1	
56e	55	54e	
-1	-1	-1	

3 3
-1	-1	58g	
55e	56	57e	
-1	-1	-1	

3 3
-1	-1	-1	
-1	57	56e	
-1	58c	-1	

3 3
56c	-1	-1	
57g	58	59c	
-1	-1	-1	

3 3
-1	60	-1	
-1	59	-1	
-1	58g	-1	

3 3
-1	61	-1	
-1	60	-1	
-1	59	-1	

3 3
-1	62	-1	
-1	61	-1	
-1	60	-1	

3 3
-1	63	-1	
-1	62	-1	
-1	61	-1	

3 3
-1	64	-1	
-1	63	-1	
-1	62	-1	

3 3
-1	65	-1	
-1	64	-1	
-1	63	-1	

3 3
-1	66	67c	
-1	65	-1	
-1	64	-1	

3 3
-1	178h	-1	
-1	66	67c	
-1	65	-1	

3 3
-1	68g	177h	
-1	67	-1	
178b	66g	65g	

3 3
-1	-1	-1	
67c	68	69c	
-1	177f	-1	

3 3
-1	70g	-1	
-1	69	-1	
-1	68g	177h	

3 3
-1	-1	-1	
69c	70	71c	
-1	-1	-1	

3 3
-1	72g	-1	
-1	71	-1	
-1	70g	-1	

3 3
-1	-1	-1	
71c	72	73c	
-1	-1	-1	

3 3
-1	74g	-1	
-1	73	-1	
-1	72g	-1	

3 3
-1	-1	-1	
73c	74	75c	
-1	-1	-1	

3 3
-1	76g	-1	
-1	75	-1	
-1	74g	-1	

3 3
-1	-1	78g	
75c	76	77c	
-1	-1	-1	

3 3
-1	-1	-1	
78e	77	-1	
-1	76g	-1	

3 3
76c	-1	-1	
77e	78	79e	
-1	-1	-1	

3 3
-1	-1	-1	
80g	79	78e	
-1	-1	-1	

3 3
-1	81c	-1	
-1	80	-1	
-1	79c	-1	

3 3
-1	-1	-1	
82e	81	80g	
-1	-1	-1	

3 3
-1	-1	-1	
81e	82	83c	
-1	-1	-1	

3 3
-1	84g	-1	
-1	83	-1	
-1	82g	-1	

3 3
-1	-1	-1	
83c	84	85c	
-1	-1	-1	

3 3
-1	86g	-1	
-1	85	-1	
-1	84g	-1	

3 3
-1	-1	-1	
85c	86	87c	
-1	-1	-1	

3 3
-1	88g	-1	
-1	87	-1	
-1	86g	-1	

3 3
-1	-1	-1	
87c	88	89c	
-1	-1	-1	

3 3
-1	90g	91c	
-1	89	-1	
-1	88g	-1	

3 3
-1	-1	-1	
89c	90	-1	
-1	91e	-1	

3 3
-1	92e	-1	
-1	91	-1	
-1	90e	89g	

3 3
-1	91e	-1	
-1	92	-1	
-1	93e	-1	

3 3
-1	94e	-1	
-1	93	-1	
-1	92e	-1	

3 3
-1	93e	-1	
-1	94	-1	
-1	95e	-1	

3 3
-1	96e	-1	
-1	95	-1	
-1	94e	-1	

3 3
-1	95e	-1	
-1	96	-1	
-1	97e	-1	

3 3
-1	98e	-1	
-1	97	-1	
-1	96e	-1	

3 3
-1	97e	-1	
-1	98	-1	
-1	99e	-1	

3 3
-1	100e	-1	
-1	99	-1	
-1	98e	-1	

3 3
-1	99e	-1	
-1	100	-1	
-1	101e	-1	

3 3
-1	102e	-1	
-1	101	-1	
-1	100e	-1	

3 3
-1	101e	-1	
-1	102	-1	
-1	103e	-1	

3 3
-1	104e	-1	
-1	103	-1	
-1	102e	-1	

3 3
-1	103e	-1	
-1	104	-1	
-1	105e	197h	

3 3
-1	-1	-1	
197d	105	-1	
-1	104e	-1	

3 3
5	3	-1	
-1	106	-1	
-1	107	-1	

3 3
-1	106	-1	
-1	107	-1	
-1	108	-1	

3 3
-1	107	-1	
-1	108	-1	
-1	109	-1	

3 3
-1	108	-1	
-1	109	-1	
-1	110	-1	

3 3
-1	109	-1	
-1	110	-1	
-1	111	-1	

3 3
-1	110	-1	
-1	111	-1	
-1	112	-1	

3 3
-1	111	-1	
-1	112	-1	
-1	113	-1	

3 3
-1	112	-1	
-1	113	-1	
-1	114	-1	

3 3
-1	113	-1	
-1	114	-1	
-1	115	-1	

3 3
-1	114	-1	
-1	115	-1	
-1	116	-1	

3 3
-1	115	-1	
-1	116	-1	
-1	117	-1	

3 3
-1	116	-1	
-1	117	-1	
-1	118	-1	

3 3
-1	117	-1	
-1	118	-1	
-1	119	-1	

3 3
-1	118	-1	
-1	119	-1	
-1	120	-1	

3 3
-1	119	-1	
-1	120	-1	
-1	121	-1	

3 3
-1	120	-1	
-1	121	-1	
-1	122	-1	

3 3
-1	121	-1	
-1	122	-1	
-1	123	-1	

3 3
-1	122	-1	
-1	123	-1	
-1	124	-1	

3 3
-1	123	-1	
-1	124	-1	
-1	125	-1	

3 3
-1	124	-1	
-1	125	-1	
-1	126	-1	

3 3
-1	125	-1	
-1	126	-1	
-1	127	-1	

3 3
-1	126	-1	
-1	127	-1	
-1	128	-1	

3 3
-1	127	-1	
-1	128	-1	
-1	129	-1	

3 3
-1	128	-1	
-1	129	-1	
131c	130	-1	

3 3
-1	129	-1	
131c	130	-1	
-1	-1	-1	

3 3
129g	130g	-1	
-1	131	-1	
-1	132g	172h	

3 3
-1	-1	-1	
133c	132	131c	
-1	172f	-1	

3 3
-1	132g	172h	
-1	133	-1	
-1	134g	-1	

3 3
-1	-1	-1	
135c	134	133c	
-1	-1	-1	

3 3
-1	134g	-1	
-1	135	-1	
-1	136g	-1	

3 3
-1	-1	-1	
137c	136	135c	
-1	-1	-1	

3 3
-1	136g	-1	
-1	137	-1	
-1	138g	-1	

3 3
-1	-1	-1	
139c	138	137c	
-1	-1	-1	

3 3
-1	138g	-1	
-1	139	-1	
-1	140g	-1	

3 3
-1	-1	-1	
141c	140	139c	
-1	-1	-1	

3 3
-1	140g	-1	
-1	141	-1	
-1	142g	-1	

3 3
-1	-1	-1	
143c	142	141c	
-1	-1	-1	

3 3
-1	142g	-1	
-1	143	-1	
-1	144g	-1	

3 3
-1	-1	-1	
145c	144	143c	
166g	-1	-1	

3 3
-1	144g	-1	
-1	145	166e	
-1	146g	-1	

3 3
-1	-1	-1	
147c	146	145c	
-1	-1	166g	

3 3
-1	146g	-1	
-1	147	-1	
-1	148g	-1	

3 3
-1	-1	-1	
149c	148	147c	
-1	-1	-1	

3 3
-1	148g	-1	
-1	149	-1	
-1	150g	-1	

3 3
-1	-1	-1	
151c	150	149c	
-1	-1	-1	

3 3
-1	150g	-1	
-1	151	-1	
-1	152g	-1	

3 3
-1	-1	-1	
153c	152	151c	
-1	-1	-1	

3 3
-1	152g	-1	
-1	153	-1	
-1	154g	-1	

3 3
-1	-1	-1	
155c	154	153c	
-1	-1	-1	

3 3
-1	154g	-1	
-1	155	-1	
-1	156g	-1	

3 3
-1	-1	-1	
157c	156	155c	
-1	-1	-1	

3 3
-1	156g	-1	
-1	157	-1	
-1	158g	-1	

3 3
-1	-1	-1	
159c	158	157c	
-1	-1	-1	

3 3
-1	158g	-1	
-1	159	-1	
-1	160g	-1	

3 3
-1	-1	-1	
161c	160	159c	
-1	-1	-1	

3 3
-1	160g	-1	
-1	161	-1	
-1	162g	-1	

3 3
-1	-1	-1	
163c	162	161c	
-1	-1	-1	

3 3
-1	162g	-1	
-1	163	-1	
-1	164g	-1	

3 3
-1	-1	-1	
165c	164	163c	
-1	-1	-1	

3 3
-1	164g	-1	
-1	165	-1	
-1	-1	-1	

3 3
-1	-1	146c	
167c	166	145e	
-1	-1	144c	

3 3
-1	166g	-1	
-1	167	-1	
-1	168	-1	

3 3
-1	167	-1	
-1	168	-1	
-1	169	-1	

3 3
-1	168	-1	
-1	169	-1	
-1	170	-1	

3 3
-1	169	-1	
-1	170	-1	
-1	171	-1	

3 3
-1	170	-1	
-1	171	-1	
-1	172	-1	

3 3
-1	171	-1	
-1	172	-1	
133h	132f	131h	

3 3
-1	-1	50h	
174h	173	49d	
-1	-1	48h	

3 3
-1	173h	-1	
-1	174	-1	
-1	175	-1	

3 3
-1	174	-1	
-1	175	-1	
-1	176	-1	

3 3
-1	175	-1	
-1	176	-1	
-1	177	-1	

3 3
-1	176	-1	
-1	177	-1	
67h	68f	69h	

3 3
67b	-1	-1	
66h	178	179h	
-1	-1	-1	

3 3
-1	180h	-1	
-1	179	-1	
-1	178h	-1	

3 3
-1	-1	-1	
179h	180	181h	
-1	-1	-1	

3 3
-1	182h	-1	
-1	181	-1	
-1	180h	-1	

3 3
-1	-1	-1	
181h	182	183h	
-1	-1	-1	

3 3
-1	184h	-1	
-1	183	-1	
-1	182h	-1	

3 3
-1	-1	-1	
183h	184	185h	
-1	-1	-1	

3 3
-1	186h	-1	
-1	185	-1	
-1	184h	-1	

3 3
-1	-1	-1	
185h	186	187h	
-1	-1	-1	

3 3
-1	188h	-1	
-1	187	-1	
-1	186h	-1	

3 3
-1	-1	-1	
187h	188	189h	
-1	-1	-1	

3 3
-1	190h	-1	
-1	189	-1	
-1	188h	-1	

3 3
-1	-1	-1	
189h	190	191h	
-1	-1	-1	

3 3
-1	192h	-1	
-1	191	-1	
-1	190h	-1	

3 3
-1	-1	-1	
191h	192	193h	
-1	-1	-1	

3 3
-1	194h	-1	
-1	193	-1	
-1	192h	-1	

3 3
-1	-1	-1	
193h	194	195h	
-1	-1	-1	

3 3
-1	196h	-1	
-1	195	-1	
-1	194h	-1	

3 3
-1	-1	-1	
195h	196	-1	
-1	-1	-1	

3 3
-1	198h	-1	
-1	197	-1	
-1	105d	104h	

3 3
-1	-1	-1	
197h	198	199h	
-1	-1	-1	

3 3
-1	200h	-1	
-1	199	-1	
-1	198h	-1	

3 3
-1	-1	-1	
199h	200	201h	
-1	-1	-1	

3 3
-1	202h	-1	
-1	201	-1	
-1	200h	-1	

3 3
-1	-1	-1	
201h	202	203h	
-1	-1	-1	

3 3
-1	204h	-1	
-1	203	-1	
-1	202h	-1	

3 3
-1	-1	-1	
203h	204	205h	
-1	-1	-1	

3 3
-1	206h	-1	
-1	205	-1	
-1	204h	-1	

3 3
-1	-1	-1	
205h	206	207h	
-1	-1	208c	

3 3
-1	-1	-1	
208b	207	-1	
-1	206h	-1	

3 3
-1	-1	-1	
207b	208	209b	
206g	-1	-1	

3 3
-1	-1	-1	
210h	209	208b	
-1	-1	-1	

3 3
-1	209h	-1	
-1	210	-1	
-1	211	-1	

3 3
-1	210	-1	
-1	211	-1	
-1	212h	-1	

3 3
-1	-1	-1	
213h	212	211h	
-1	-1	-1	

3 3
-1	212h	-1	
-1	213	-1	
-1	214	-1	

3 3
-1	213	-1	
-1	214	-1	
-1	215h	-1	

3 3
-1	-1	-1	
216h	215	214h	
-1	-1	-1	

3 3
-1	215h	-1	
-1	216	-1	
-1	217	-1	

3 3
-1	216	-1	
-1	217	-1	
219c	218h	-1	

3 3
-1	-1	-1	
-1	218	217h	
-1	219b	-1	

3 3
217g	218b	-1	
-1	219	-1	
-1	220b	-1	

3 3
-1	219b	-1	
-1	220	-1	
-1	221h	-1	

3 3
-1	-1	-1	
222h	221	220h	
-1	-1	-1	

3 3
-1	221h	-1	
-1	222	-1	
-1	223h	-1	

3 3
-1	-1	-1	
224h	223	222h	
-1	-1	-1	

3 3
-1	223h	-1	
-1	224	-1	
-1	225h	-1	

3 3
-1	-1	-1	
226h	225	224h	
-1	-1	-1	

3 3
-1	225h	-1	
-1	226	-1	
331h	227h	-1	

3 3
-1	-1	-1	
228h	227	226h	
-1	331	-1	

3 3
331h	227h	-1	
-1	228	-1	
306	229h	-1	

3 3
-1	-1	-1	
230h	229	228h	
318h	306h	-1	

3 3
306	229h	-1	
318	230	-1	
292	231h	291	

3 3
233c	291h	-1	
232h	231	230h	
-1	292h	318h	

3 3
292	231h	291	
-1	232	233b	
-1	-1	-1	

3 3
290b	291b	231g	
234b	233	232b	
-1	-1	-1	

3 3
291	290	289h	
233b	234	235h	
-1	-1	-1	

3 3
-1	236	288	
-1	235	289	
-1	234h	290h	

3 3
-1	237h	287h	
-1	236	288	
-1	235	289	

3 3
288h	287	286h	
236h	237	238h	
-1	-1	-1	

3 3
-1	239	285	
-1	238	286	
-1	237h	287h	

3 3
-1	240h	284h	
-1	239	285	
-1	238	286	

3 3
285h	284	283h	
239h	240	241h	
-1	-1	-1	

3 3
-1	242	282	
-1	241	283	
-1	240h	284h	

3 3
-1	243h	281	
-1	242	282	
-1	241	283	

3 3
282h	281h	280h	
242h	243	244h	
-1	-1	-1	

3 3
-1	245	279h	
-1	244	280	
-1	243h	281	

3 3
-1	246h	278d	
-1	245	279h	
-1	244	280	

3 3
279	278e	277h	
245h	246	247h	
-1	-1	-1	

3 3
-1	248	249f	
-1	247	277	
-1	246h	278d	

3 3
-1	-1	-1	
-1	248	249f	
-1	247	277	

3 3
247f	277f	-1	
248f	249	250f	
-1	-1	-1	

3 3
-1	-1	-1	
249f	250	251	
277	-1	-1	

3 3
-1	-1	-1	
250	251	252	
-1	-1	-1	

3 3
-1	-1	-1	
251	252	253	
-1	-1	-1	

3 3
-1	-1	-1	
252	253	254	
-1	-1	510	

3 3
-1	-1	-1	
253	254	255	
-1	510	-1	

3 3
-1	-1	691c	
254	255	256	
510	-1	-1	

3 3
-1	691c	-1	
255	256	257	
-1	-1	-1	

3 3
691c	-1	-1	
256	257	258	
-1	-1	-1	

3 3
-1	-1	-1	
257	258	259	
-1	-1	-1	

3 3
-1	-1	500	
258	259	260	
-1	-1	501g	

3 3
-1	500	343g	
259	260	261	
-1	501g	-1	

3 3
500	343g	-1	
260	261	262	
501g	-1	263c	

3 3
343g	-1	-1	
261	262	-1	
-1	263c	-1	

3 3
-1	-1	-1	
262g	263	264g	
261g	-1	-1	

3 3
-1	263c	-1	
-1	264	-1	
-1	265	-1	

3 3
-1	264	-1	
-1	265	-1	
-1	266	-1	

3 3
-1	265	-1	
-1	266	-1	
-1	267	-1	

3 3
-1	266	-1	
-1	267	-1	
-1	268	-1	

3 3
-1	267	-1	
-1	268	-1	
-1	269	-1	

3 3
-1	268	-1	
-1	269	-1	
-1	270	-1	

3 3
-1	269	-1	
-1	270	-1	
-1	271	-1	

3 3
-1	270	-1	
-1	271	-1	
-1	272	-1	

3 3
-1	271	-1	
-1	272	-1	
-1	273	-1	

3 3
-1	272	-1	
-1	273	-1	
-1	274	-1	

3 3
-1	273	-1	
-1	274	-1	
-1	275	-1	

3 3
-1	274	-1	
-1	275	-1	
-1	276	-1	

3 3
-1	275	-1	
-1	276	-1	
-1	-1	-1	

3 3
248	249f	250	
247	277	-1	
246h	278d	-1	

3 3
247d	246e	245d	
277d	278	279e	
-1	-1	-1	

3 3
-1	-1	-1	
280h	279	278e	
244h	245h	246	

3 3
245	279h	-1	
244	280	-1	
243h	281	-1	

3 3
244	280	-1	
243h	281	-1	
242	282	-1	

3 3
243h	281	-1	
242	282	-1	
241	283	-1	

3 3
242	282	-1	
241	283	-1	
240h	284h	-1	

3 3
-1	-1	-1	
285h	284	283h	
239h	240	241h	

3 3
240h	284h	-1	
239	285	-1	
238	286	-1	

3 3
239	285	-1	
238	286	-1	
237h	287h	-1	

3 3
-1	-1	-1	
288h	287	286h	
236h	237	238h	

3 3
237h	287h	-1	
236	288	-1	
235	289	-1	

3 3
236	288	-1	
235	289	-1	
234h	290h	-1	

3 3
-1	-1	-1	
291	290	289h	
233b	234	235h	

3 3
230	-1	-1	
231h	291	290	
232	233b	234	

3 3
319	318	230	
293	292	231h	
-1	-1	232	

3 3
320h	319	318	
294	293	292	
-1	-1	-1	

3 3
321	320h	319	
295	294	293	
-1	-1	-1	

3 3
322h	321	320h	
296	295	294	
-1	-1	-1	

3 3
323	322h	321	
297	296	295	
-1	-1	-1	

3 3
324h	323	322h	
298	297	296	
-1	-1	-1	

3 3
325	324h	323	
299	298	297	
-1	-1	-1	

3 3
326h	325	324h	
300	299	298	
-1	-1	-1	

3 3
327	326h	325	
301	300	299	
-1	-1	-1	

3 3
328h	327	326h	
302	301	300	
-1	-1	-1	

3 3
329	328h	327	
303	302	301	
-1	-1	-1	

3 3
330h	329	328h	
304	303	302	
-1	-1	-1	

3 3
-1	330h	329	
305	304	303	
-1	-1	-1	

3 3
-1	-1	330h	
332d	305	304	
331e	-1	-1	

3 3
-1	-1	228	
307	306	229h	
319	318	230	

3 3
338e	-1	-1	
308	307	306	
320h	319	318	

3 3
339b	338e	-1	
309	308	307	
321	320h	319	

3 3
340d	339b	338e	
310	309	308	
322h	321	320h	

3 3
341b	340d	339b	
311	310	309	
323	322h	321	

3 3
342d	341b	340d	
312	311	310	
324h	323	322h	

3 3
-1	342d	341b	
313	312	311	
325	324h	323	

3 3
-1	-1	342d	
314	313	312	
326h	325	324h	

3 3
-1	-1	-1	
315	314	313	
327	326h	325	

3 3
-1	-1	-1	
316	315	314	
328h	327	326h	

3 3
333	-1	-1	
317	316	315	
329	328h	327	

3 3
-1	333	-1	
-1	317	316	
330h	329	328h	

3 3
307	306	229h	
319	318	230	
293	292	231h	

3 3
308	307	306	
320h	319	318	
294	293	292	

3 3
293h	319h	307h	
294h	320	308h	
295h	321h	309h	

3 3
310	309	308	
322h	321	320h	
296	295	294	

3 3
295h	321h	309h	
296h	322	310h	
297h	323h	311h	

3 3
312	311	310	
324h	323	322h	
298	297	296	

3 3
297h	323h	311h	
298h	324	312h	
299h	325h	313h	

3 3
314	313	312	
326h	325	324h	
300	299	298	

3 3
299h	325h	313h	
300h	326	314h	
301h	327h	315h	

3 3
316	315	314	
328h	327	326h	
302	301	300	

3 3
301h	327h	315h	
302h	328	316h	
303h	329h	317h	

3 3
-1	317	316	
330h	329	328h	
304	303	302	

3 3
303h	329h	317h	
304h	330	-1	
305h	-1	-1	

3 3
228h	227	226h	
-1	331	-1	
305e	332h	-1	

3 3
-1	-1	-1	
-1	332	331h	
-1	305d	-1	

3 3
-1	334h	335f	
-1	333	-1	
-1	317	316	

3 3
-1	335g	-1	
333h	334	-1	
-1	-1	-1	

3 3
333f	-1	-1	
334c	335	336c	
-1	-1	-1	

3 3
-1	337h	-1	
-1	336	-1	
-1	335g	-1	

3 3
-1	-1	339g	
336h	337	338h	
-1	-1	-1	

3 3
307e	308e	309e	
-1	338	339f	
-1	337h	-1	

3 3
337c	-1	-1	
338f	339	340c	
308b	309b	310b	

3 3
-1	341g	311d	
-1	340	310d	
-1	339g	309d	

3 3
-1	-1	-1	
340c	341	342c	
310b	311b	312b	

3 3
-1	-1	313d	
-1	342	312d	
-1	341g	311d	

3 3
260c	500c	499	
261c	343	344e	
262c	-1	-1	

3 3
-1	-1	-1	
345e	344	343e	
498e	499e	500g	

3 3
499	498	497g	
344e	345	346c	
-1	-1	-1	

3 3
496	347g	-1	
497e	346	-1	
498g	345g	-1	

3 3
497g	496c	495g	
346c	347	348c	
-1	-1	-1	

3 3
494	349g	-1	
495e	348	-1	
496	347g	-1	

3 3
495g	494c	493	
348c	349	350c	
-1	-1	-1	

3 3
492g	351g	-1	
493g	350	-1	
494	349g	-1	

3 3
493	492	491g	
350c	351	352c	
-1	-1	-1	

3 3
490	353g	-1	
491e	352	-1	
492g	351g	-1	

3 3
491g	490c	489g	
352c	353	354c	
-1	-1	-1	

3 3
488	355g	-1	
489e	354	-1	
490	353g	-1	

3 3
489g	488c	487g	
354c	355	356c	
-1	-1	-1	

3 3
394g	357g	-1	
487e	356	-1	
488	355g	-1	

3 3
487g	394	386g	
356c	357	358c	
-1	-1	-1	

3 3
-1	359g	-1	
386e	358	-1	
394g	357g	-1	

3 3
386g	-1	-1	
358c	359	360c	
-1	-1	776	

3 3
362g	361g	-1	
-1	360	776g	
-1	359g	-1	

3 3
-1	362	-1	
360c	361	-1	
776	-1	-1	

3 3
371g	363	-1	
-1	362	-1	
360c	361	-1	

3 3
-1	-1	-1	
371g	363	-1	
-1	362	-1	

3 3
-1	-1	787c	
374c	364	366b	
-1	-1	-1	

3 3
-1	-1	-1	
-1	365	372d	
-1	-1	-1	

3 3
-1	787d	-1	
-1	366	364b	
-1	-1	-1	

3 3
376g	368e	-1	
375c	367	370e	
-1	-1	-1	

3 3
370	367e	375g	
-1	368	376c	
-1	369e	377g	

3 3
414e	470e	-1	
377c	369	-1	
376g	368e	-1	

3 3
-1	-1	-1	
378g	370	367e	
-1	-1	368	

3 3
-1	379	380g	
-1	371	-1	
362c	363c	-1	

3 3
-1	365d	-1	
-1	372	-1	
-1	373d	-1	

3 3
-1	-1	-1	
372d	373	-1	
-1	-1	-1	

3 3
-1	364g	-1	
-1	374	-1	
-1	777h	-1	

3 3
368c	367g	-1	
376e	375	-1	
384c	383c	382e	

3 3
383g	384g	385e	
375e	376	377e	
367c	368g	369c	

3 3
470c	369g	368c	
414c	377	376e	
402c	385	384c	

3 3
-1	469b	452f	
-1	378	-1	
-1	370c	-1	

3 3
386	387c	388e	
-1	379	380g	
-1	371	-1	

3 3
371c	379c	387e	
-1	380	388g	
-1	381c	389	

3 3
388e	389g	390e	
380g	381	382	
-1	-1	-1	

3 3
389g	390e	391e	
381	382	383g	
-1	-1	375e	

3 3
-1	382c	390g	
375g	383	391g	
376c	384	392e	

3 3
375g	383	391g	
376c	384	392e	
377g	385g	393	

3 3
414c	377	376e	
402c	385	384c	
436g	393c	392g	

3 3
357c	394c	395e	
358e	386	387c	
359c	-1	379	

3 3
396g	388c	380e	
395c	387	379g	
394	386g	-1	

3 3
381e	380c	379e	
389c	388	387g	
397c	396e	395	

3 3
380	388g	396c	
381c	389	397	
382c	390g	398c	

3 3
383c	382e	381e	
391	390	389c	
399	398e	397c	

3 3
384c	383c	382e	
392g	391	390	
400e	399	398e	

3 3
401	393e	385c	
400g	392	384e	
399c	391c	383e	

3 3
384	392e	400c	
385g	393	401e	
402	436e	453e	

3 3
628c	395c	387	
487g	394	386g	
356c	357	358c	

3 3
388	387g	386e	
396e	395	394g	
-1	628	487e	

3 3
628e	-1	-1	
395e	396	397g	
387c	388e	389g	

3 3
388g	396c	-1	
389	397	-1	
390g	398c	-1	

3 3
-1	-1	-1	
397g	398	399e	
389g	390e	391e	

3 3
392g	391	390	
400e	399	398e	
-1	-1	-1	

3 3
-1	-1	-1	
399e	400	401c	
391e	392c	393g	

3 3
-1	453	436	
-1	401	393e	
-1	400g	392	

3 3
377g	385g	393	
414	402	436e	
415c	403c	437g	

3 3
436c	437e	438g	
402g	403	404g	
414g	415	416e	

3 3
415c	403c	437g	
416g	404	438	
417	405c	439c	

3 3
438g	439	440e	
404g	405	406g	
416e	417g	418	

3 3
417	405c	439c	
418c	406	440g	
419g	407c	441	

3 3
440e	441g	442g	
406g	407	408g	
418	419e	420	

3 3
419g	407c	441	
420c	408	442	
421g	409c	443	

3 3
442g	443g	444g	
408g	409	410g	
420	421e	422g	

3 3
421g	409c	443	
422	410	444	
423	411c	445c	

3 3
444g	445	446g	
410g	411	412g	
422g	423g	424	

3 3
423	411c	445c	
424c	412	446	
425g	413c	447	

3 3
446g	447g	448g	
412g	413	431c	
424	425e	426	

3 3
369e	377g	385g	
470	414	402	
471c	415c	403c	

3 3
402g	403	404g	
414g	415	416e	
470g	471	472g	

3 3
473	472c	471e	
417c	416	415e	
405e	404c	403e	

3 3
472	416g	404	
473g	417	405c	
474e	418c	406	

3 3
405	406g	407	
417g	418	419e	
473e	474c	475e	

3 3
476c	475	474g	
420e	419	418e	
408c	407e	406c	

3 3
407	408g	409	
419e	420	421e	
475e	476g	477e	

3 3
478c	477	476c	
422c	421	420e	
410c	409e	408c	

3 3
477g	421g	409c	
478	422	410	
479c	423	411c	

3 3
478	422	410	
479c	423	411c	
480e	424c	412	

3 3
411	412g	413	
423g	424	425e	
479	480c	481e	

3 3
482g	481	480g	
426e	425	424e	
431g	413e	412c	

3 3
413	431c	432g	
425e	426	427e	
481e	482c	483g	

3 3
484	483c	482g	
428g	427	426e	
433g	432c	431g	

3 3
434e	429c	485	
433	428	484c	
432e	427c	483e	

3 3
486	485g	484	
430e	429	428g	
435g	434c	433g	

3 3
434g	435c	-1	
429e	430	-1	
485c	486e	-1	

3 3
449e	432e	427c	
448e	431	426g	
447e	413g	425c	

3 3
426c	431e	448	
427g	432	449	
428e	433e	450e	

3 3
451	434e	429c	
450	433	428	
449e	432e	427c	

3 3
428e	433e	450e	
429g	434	451e	
430c	435e	452e	

3 3
-1	-1	-1	
452	435	430g	
451	434e	429c	

3 3
454e	437c	403g	
453	436	402e	
401	393e	385c	

3 3
404c	403e	402c	
438c	437	436g	
455e	454c	453g	

3 3
403c	437g	454	
404	438	455c	
405c	439c	456c	

3 3
455	456	457	
438g	439	440e	
404g	405	406g	

3 3
407e	406c	405e	
441c	440	439e	
458c	457e	456e	

3 3
406	440g	457c	
407c	441	458	
408	442	459c	

3 3
407c	441	458	
408	442	459c	
409c	443	460g	

3 3
408	442	459c	
409c	443	460g	
410	444	461	

3 3
409c	443	460g	
410	444	461	
411c	445c	462	

3 3
461g	462g	463	
444g	445	446g	
410g	411	412g	

3 3
411c	445c	462	
412	446	463c	
413c	447	464	

3 3
412	446	463c	
413c	447	464	
431e	448	465	

3 3
413c	447	464	
431e	448	465	
432	449	466	

3 3
431e	448	465	
432	449	466	
433e	450e	467	

3 3
468	451	434e	
467e	450	433	
466e	449e	432e	

3 3
469e	452	435	
468	451	434e	
467e	450	433	

3 3
378f	-1	-1	
469e	452	435	
468	451	434e	

3 3
-1	454e	437c	
-1	453	436	
-1	401	393e	

3 3
436e	453e	-1	
437g	454	-1	
438	455c	-1	

3 3
-1	-1	-1	
454g	455	456	
437e	438g	439	

3 3
-1	-1	776b	
455	456	457	
438g	439	440e	

3 3
-1	776b	-1	
456	457	458g	
439	440e	441g	

3 3
440g	457c	776h	
441	458	-1	
442	459c	-1	

3 3
-1	-1	-1	
458g	459	460e	
441g	442g	443g	

3 3
444c	443c	442c	
461c	460	459e	
-1	-1	-1	

3 3
443	460g	-1	
444	461	-1	
445c	462	-1	

3 3
444	461	-1	
445c	462	-1	
446	463c	-1	

3 3
-1	-1	-1	
462g	463	464g	
445	446g	447g	

3 3
446	463c	-1	
447	464	-1	
448	465	-1	

3 3
447	464	-1	
448	465	-1	
449	466	-1	

3 3
448	465	-1	
449	466	-1	
450e	467	-1	

3 3
449	466	-1	
450e	467	-1	
451e	468e	-1	

3 3
-1	469e	452	
-1	468	451	
-1	467e	450	

3 3
451e	468e	-1	
452e	469	-1	
-1	378b	-1	

3 3
-1	369e	377g	
-1	470	414	
-1	471c	415c	

3 3
414g	415	416e	
470g	471	472g	
-1	-1	-1	

3 3
-1	471c	415c	
-1	472	416g	
-1	473g	417	

3 3
-1	-1	-1	
474g	473	472c	
418e	417c	416	

3 3
419c	475c	-1	
418g	474	-1	
417e	473c	-1	

3 3
-1	-1	-1	
476c	475	474g	
420e	419	418e	

3 3
-1	475g	419g	
-1	476	420c	
-1	477g	421g	

3 3
-1	-1	-1	
478c	477	476c	
422c	421	420e	

3 3
-1	477g	421g	
-1	478	422	
-1	479c	423	

3 3
422g	423g	424	
478g	479	480c	
-1	-1	-1	

3 3
425c	481c	-1	
424g	480	-1	
423e	479g	-1	

3 3
635b	-1	-1	
482g	481	480g	
426e	425	424e	

3 3
427c	483e	-1	
426g	482	635h	
425c	481c	-1	

3 3
635d	482e	426c	
-1	483	427g	
-1	484g	428e	

3 3
-1	-1	-1	
485g	484	483c	
429	428g	427	

3 3
430g	486c	690h	
429c	485	-1	
428	484c	-1	

3 3
-1	690b	-1	
-1	486	485g	
-1	430e	429	

3 3
355c	488e	629c	
356e	487	628e	
357c	394c	395e	

3 3
628	487e	356	
629g	488	355g	
630	489e	354	

3 3
353c	490e	631c	
354e	489	630e	
355c	488e	629c	

3 3
630	489e	354	
631g	490	353g	
632	491e	352	

3 3
351c	492c	633c	
352e	491	632e	
353c	490e	631c	

3 3
634c	633	632c	
493	492	491g	
350c	351	352c	

3 3
-1	634c	633	
494c	493	492	
349	350c	351	

3 3
634	493g	350	
-1	494	349g	
-1	495e	348	

3 3
347c	496e	-1	
348e	495	-1	
349c	494e	-1	

3 3
-1	495e	348	
-1	496	347g	
-1	497e	346	

3 3
345c	498c	-1	
346e	497	-1	
347c	496e	-1	

3 3
-1	-1	-1	
499	498	497g	
344e	345	346c	

3 3
-1	-1	-1	
500c	499	498	
343	344e	345	

3 3
-1	499g	344c	
-1	500	343g	
259	260	261	

3 3
-1	-1	259c	
502c	501	260c	
-1	-1	261c	

3 3
-1	501g	-1	
-1	502	-1	
-1	503	-1	

3 3
-1	502	-1	
-1	503	-1	
-1	504	-1	

3 3
-1	503	-1	
-1	504	-1	
-1	505	-1	

3 3
-1	504	-1	
-1	505	-1	
-1	506	-1	

3 3
-1	505	-1	
-1	506	-1	
-1	507	-1	

3 3
-1	506	-1	
-1	507	-1	
-1	508	-1	

3 3
-1	507	-1	
-1	508	-1	
-1	509	-1	

3 3
-1	508	-1	
-1	509	-1	
-1	-1	-1	

3 3
253	254	255	
-1	510	-1	
-1	511	-1	

3 3
-1	510	-1	
-1	511	-1	
-1	512	-1	

3 3
-1	511	-1	
-1	512	-1	
-1	513	-1	

3 3
-1	512	-1	
-1	513	-1	
-1	514	-1	

3 3
-1	513	-1	
-1	514	-1	
-1	515	-1	

3 3
-1	514	-1	
-1	515	-1	
-1	516	517g	

3 3
-1	515	-1	
-1	516	517g	
-1	-1	-1	

3 3
-1	516c	515c	
-1	517	-1	
-1	518c	-1	

3 3
-1	-1	-1	
517g	518	519	
-1	-1	-1	

3 3
-1	-1	-1	
518	519	520	
-1	-1	-1	

3 3
-1	-1	-1	
519	520	521	
-1	-1	-1	

3 3
-1	-1	-1	
520	521	522	
-1	-1	-1	

3 3
-1	-1	-1	
521	522	523	
-1	-1	524c	

3 3
-1	-1	-1	
522	523	-1	
-1	524c	-1	

3 3
-1	-1	-1	
523g	524	525g	
522g	-1	-1	

3 3
-1	524c	-1	
-1	525	-1	
-1	526c	-1	

3 3
-1	-1	-1	
525g	526	527g	
-1	-1	-1	

3 3
-1	526c	-1	
-1	527	-1	
-1	528c	-1	

3 3
-1	-1	-1	
527g	528	529g	
-1	-1	-1	

3 3
-1	528c	-1	
-1	529	-1	
-1	530c	-1	

3 3
-1	-1	-1	
529g	530	531g	
-1	-1	-1	

3 3
-1	530c	-1	
-1	531	-1	
-1	532c	-1	

3 3
-1	-1	-1	
531g	532	533g	
-1	-1	-1	

3 3
-1	532c	-1	
-1	533	-1	
-1	534c	-1	

3 3
-1	-1	-1	
533g	534	535g	
-1	-1	-1	

3 3
-1	534c	-1	
-1	535	-1	
-1	536c	-1	

3 3
-1	-1	-1	
535g	536	537g	
-1	-1	-1	

3 3
-1	536c	-1	
-1	537	-1	
-1	538c	-1	

3 3
-1	-1	-1	
537g	538	539g	
-1	-1	-1	

3 3
-1	538c	-1	
-1	539	-1	
-1	540c	-1	

3 3
-1	-1	-1	
539g	540	541g	
-1	-1	-1	

3 3
-1	540c	-1	
-1	541	-1	
-1	542c	-1	

3 3
-1	-1	-1	
541g	542	543g	
-1	-1	-1	

3 3
-1	542c	-1	
-1	543	-1	
-1	544c	-1	

3 3
-1	-1	-1	
543g	544	545g	
-1	-1	-1	

3 3
-1	544c	-1	
-1	545	-1	
-1	546c	-1	

3 3
-1	-1	-1	
545g	546	547g	
-1	-1	-1	

3 3
-1	546c	-1	
-1	547	-1	
-1	548c	-1	

3 3
-1	-1	-1	
547g	548	549g	
-1	-1	-1	

3 3
-1	548c	-1	
-1	549	-1	
-1	550c	-1	

3 3
-1	-1	-1	
549g	550	551g	
-1	-1	-1	

3 3
-1	550c	-1	
-1	551	-1	
-1	552c	-1	

3 3
-1	-1	-1	
551g	552	553g	
-1	-1	-1	

3 3
-1	552c	-1	
-1	553	-1	
-1	554c	-1	

3 3
-1	-1	-1	
553g	554	555g	
-1	-1	-1	

3 3
-1	554c	-1	
-1	555	-1	
-1	556c	-1	

3 3
-1	-1	-1	
555g	556	557g	
-1	-1	-1	

3 3
-1	556c	-1	
-1	557	-1	
-1	558c	-1	

3 3
-1	-1	-1	
557g	558	559g	
-1	-1	-1	

3 3
-1	558c	-1	
-1	559	-1	
-1	560c	-1	

3 3
-1	-1	-1	
559g	560	561g	
-1	-1	-1	

3 3
-1	560c	-1	
-1	561	-1	
-1	562c	-1	

3 3
-1	-1	-1	
561g	562	563g	
-1	-1	-1	

3 3
-1	562c	-1	
-1	563	-1	
-1	564c	-1	

3 3
-1	-1	-1	
563g	564	565g	
-1	-1	-1	

3 3
-1	564c	-1	
-1	565	-1	
-1	566c	-1	

3 3
-1	-1	-1	
565g	566	567g	
-1	-1	-1	

3 3
-1	566c	-1	
-1	567	-1	
-1	568c	-1	

3 3
-1	-1	-1	
567g	568	569g	
-1	-1	-1	

3 3
-1	568c	-1	
-1	569	-1	
-1	570c	-1	

3 3
-1	-1	-1	
569g	570	571g	
-1	-1	-1	

3 3
-1	570c	-1	
-1	571	-1	
-1	572c	-1	

3 3
-1	-1	-1	
571g	572	573g	
-1	-1	-1	

3 3
-1	572c	-1	
-1	573	-1	
-1	574c	-1	

3 3
-1	-1	-1	
573g	574	575g	
-1	-1	-1	

3 3
-1	574c	-1	
-1	575	-1	
-1	576c	-1	

3 3
-1	-1	-1	
575g	576	577g	
-1	-1	-1	

3 3
-1	576c	-1	
-1	577	-1	
-1	578c	-1	

3 3
-1	-1	-1	
577g	578	579g	
-1	-1	-1	

3 3
-1	578c	-1	
-1	579	-1	
-1	580c	-1	

3 3
-1	-1	-1	
579g	580	581g	
-1	-1	-1	

3 3
-1	580c	-1	
-1	581	-1	
-1	582c	-1	

3 3
-1	-1	-1	
581g	582	583g	
-1	-1	-1	

3 3
-1	582c	-1	
-1	583	-1	
-1	584c	-1	

3 3
-1	-1	-1	
583g	584	585g	
-1	-1	-1	

3 3
-1	584c	-1	
-1	585	-1	
-1	586c	-1	

3 3
-1	-1	-1	
585g	586	587g	
-1	-1	-1	

3 3
-1	586c	-1	
-1	587	-1	
589c	588c	-1	

3 3
-1	-1	-1	
587g	588	-1	
-1	589	-1	

3 3
587g	588	-1	
-1	589	-1	
-1	590g	-1	

3 3
-1	-1	-1	
591c	590	589c	
-1	-1	-1	

3 3
-1	590g	-1	
-1	591	-1	
-1	592e	-1	

3 3
-1	593c	-1	
-1	592	-1	
-1	591e	-1	

3 3
-1	-1	-1	
594g	593	592g	
-1	-1	-1	

3 3
-1	595c	-1	
-1	594	-1	
-1	593c	-1	

3 3
-1	-1	-1	
596g	595	594g	
-1	-1	-1	

3 3
-1	597c	-1	
-1	596	-1	
-1	595c	-1	

3 3
-1	-1	-1	
598g	597	596g	
-1	-1	-1	

3 3
-1	599c	-1	
-1	598	-1	
-1	597c	-1	

3 3
-1	-1	-1	
600g	599	598g	
-1	-1	-1	

3 3
-1	601c	-1	
-1	600	-1	
-1	599c	-1	

3 3
-1	-1	-1	
602g	601	600g	
-1	-1	-1	

3 3
-1	603c	-1	
-1	602	-1	
-1	601c	-1	

3 3
-1	-1	-1	
604g	603	602g	
621c	-1	-1	

3 3
614	605c	-1	
621e	604	-1	
-1	603c	-1	

3 3
-1	-1	-1	
606g	605	604g	
607g	614g	621c	

3 3
-1	-1	-1	
607	606	-1	
614	605c	-1	

3 3
-1	-1	-1	
608	607	606	
615g	614	605c	

3 3
-1	-1	-1	
609e	608	607	
616c	615g	614	

3 3
615c	616g	617c	
608e	609	610e	
-1	-1	-1	

3 3
-1	-1	-1	
611e	610	609e	
618e	617g	616c	

3 3
617c	618	619c	
610e	611	612e	
-1	-1	-1	

3 3
-1	-1	-1	
613e	612	611e	
620c	619g	618e	

3 3
619c	620g	-1	
612e	613	-1	
-1	-1	-1	

3 3
608	607	606	
615g	614	605c	
622c	621e	604	

3 3
623c	616e	609g	
622e	615	608c	
621g	614c	607c	

3 3
608g	615e	622	
609c	616	623g	
610g	617e	624g	

3 3
625	618g	611g	
624c	617	610c	
623c	616e	609g	

3 3
624e	625c	626c	
617c	618	619c	
610e	611	612e	

3 3
627g	620e	613g	
626	619	612c	
625	618g	611g	

3 3
612g	619e	626e	
613c	620	627c	
-1	-1	-1	

3 3
603g	-1	-1	
604e	621	622g	
605g	614e	615c	

3 3
614g	621c	-1	
615e	622	-1	
616	623g	-1	

3 3
617g	616c	615g	
624	623	622c	
-1	-1	-1	

3 3
618e	617g	616c	
625g	624	623	
-1	-1	-1	

3 3
-1	626	619	
-1	625	618g	
-1	624c	617	

3 3
-1	627g	620e	
-1	626	619	
-1	625	618g	

3 3
-1	-1	-1	
626c	627	-1	
619c	620g	-1	

3 3
396e	395	394g	
-1	628	487e	
-1	629g	488	

3 3
-1	-1	-1	
630c	629	628c	
489g	488c	487g	

3 3
-1	629g	488	
-1	630	489e	
-1	631g	490	

3 3
-1	-1	-1	
632c	631	630c	
491g	490c	489g	

3 3
-1	631g	490	
-1	632	491e	
-1	633g	492g	

3 3
-1	-1	-1	
634c	633	632c	
493	492	491g	

3 3
-1	633g	492g	
-1	634	493g	
-1	-1	494	

3 3
-1	636h	-1	
-1	635	-1	
481b	482h	483d	

3 3
-1	-1	-1	
635h	636	637g	
-1	-1	-1	

3 3
-1	636c	-1	
-1	637	-1	
-1	638c	-1	

3 3
-1	-1	-1	
637g	638	639e	
-1	-1	-1	

3 3
-1	-1	-1	
640c	639	638e	
-1	-1	-1	

3 3
-1	639g	-1	
-1	640	-1	
-1	641g	-1	

3 3
-1	-1	-1	
642c	641	640c	
-1	-1	-1	

3 3
-1	641g	-1	
-1	642	-1	
-1	643g	-1	

3 3
-1	-1	-1	
644c	643	642c	
-1	-1	-1	

3 3
-1	643g	-1	
-1	644	-1	
-1	645g	-1	

3 3
-1	-1	-1	
646c	645	644c	
-1	-1	-1	

3 3
-1	645g	-1	
-1	646	-1	
-1	647g	-1	

3 3
-1	-1	-1	
648c	647	646c	
-1	-1	-1	

3 3
-1	647g	-1	
-1	648	-1	
-1	649g	-1	

3 3
-1	-1	-1	
650c	649	648c	
-1	-1	-1	

3 3
-1	649g	-1	
-1	650	-1	
-1	651g	-1	

3 3
-1	-1	-1	
652c	651	650c	
-1	-1	-1	

3 3
-1	651g	-1	
-1	652	-1	
-1	653g	-1	

3 3
-1	-1	-1	
654c	653	652c	
-1	-1	-1	

3 3
-1	653g	-1	
-1	654	-1	
-1	655g	-1	

3 3
-1	-1	-1	
656c	655	654c	
-1	-1	-1	

3 3
-1	655g	-1	
-1	656	-1	
-1	657g	-1	

3 3
-1	-1	-1	
658c	657	656c	
-1	-1	-1	

3 3
-1	657g	-1	
-1	658	-1	
-1	659g	-1	

3 3
-1	-1	-1	
660c	659	658c	
-1	-1	-1	

3 3
-1	659g	-1	
-1	660	-1	
-1	661g	-1	

3 3
-1	-1	-1	
662c	661	660c	
-1	-1	-1	

3 3
-1	661g	-1	
-1	662	-1	
-1	663g	-1	

3 3
-1	-1	-1	
664c	663	662c	
-1	-1	-1	

3 3
-1	663g	-1	
-1	664	-1	
-1	665g	-1	

3 3
-1	-1	-1	
666c	665	664c	
-1	-1	-1	

3 3
-1	665g	-1	
-1	666	-1	
-1	667g	-1	

3 3
-1	-1	-1	
668c	667	666c	
-1	-1	-1	

3 3
-1	667g	-1	
-1	668	-1	
-1	669g	-1	

3 3
-1	-1	-1	
670c	669	668c	
-1	-1	-1	

3 3
-1	669g	-1	
-1	670	-1	
-1	671g	-1	

3 3
-1	-1	-1	
672c	671	670c	
-1	-1	-1	

3 3
-1	671g	-1	
-1	672	-1	
-1	673g	-1	

3 3
-1	-1	-1	
674c	673	672c	
-1	-1	-1	

3 3
-1	673g	-1	
-1	674	-1	
-1	675g	-1	

3 3
-1	-1	-1	
676c	675	674c	
-1	-1	-1	

3 3
-1	675g	-1	
-1	676	-1	
-1	677g	-1	

3 3
-1	-1	-1	
678c	677	676c	
-1	-1	-1	

3 3
-1	677g	-1	
-1	678	-1	
-1	679g	-1	

3 3
-1	-1	-1	
680c	679	678c	
-1	-1	-1	

3 3
-1	679g	-1	
-1	680	-1	
-1	681g	-1	

3 3
-1	-1	-1	
682c	681	680c	
-1	-1	-1	

3 3
-1	681g	-1	
-1	682	-1	
-1	683g	-1	

3 3
-1	-1	-1	
684c	683	682c	
-1	-1	-1	

3 3
-1	683g	-1	
-1	684	-1	
-1	685g	-1	

3 3
-1	-1	-1	
686c	685	684c	
-1	-1	-1	

3 3
-1	685g	-1	
-1	686	-1	
-1	687g	-1	

3 3
-1	-1	-1	
688c	687	686c	
-1	-1	-1	

3 3
-1	687g	-1	
-1	688	-1	
-1	689g	-1	

3 3
-1	-1	-1	
690c	689	688c	
-1	-1	-1	

3 3
-1	689g	-1	
-1	690	-1	
485h	486b	-1	

3 3
-1	-1	257g	
692g	691	256g	
-1	-1	255g	

3 3
-1	693	-1	
-1	692	-1	
-1	691c	-1	

3 3
-1	694	-1	
-1	693	-1	
-1	692	-1	

3 3
-1	695	-1	
-1	694	-1	
-1	693	-1	

3 3
-1	696	-1	
-1	695	-1	
-1	694	-1	

3 3
-1	697	-1	
-1	696	-1	
-1	695	-1	

3 3
-1	698	-1	
-1	697	-1	
-1	696	-1	

3 3
-1	699	-1	
-1	698	-1	
-1	697	-1	

3 3
-1	700	-1	
-1	699	-1	
-1	698	-1	

3 3
-1	701	-1	
-1	700	-1	
-1	699	-1	

3 3
-1	702	-1	
-1	701	-1	
-1	700	-1	

3 3
-1	703	-1	
-1	702	-1	
-1	701	-1	

3 3
-1	704	-1	
-1	703	-1	
-1	702	-1	

3 3
-1	705	-1	
-1	704	-1	
-1	703	-1	

3 3
-1	706	-1	
-1	705	-1	
-1	704	-1	

3 3
-1	707	-1	
-1	706	-1	
-1	705	-1	

3 3
-1	708	-1	
-1	707	-1	
-1	706	-1	

3 3
-1	709	-1	
-1	708	-1	
-1	707	-1	

3 3
-1	710	-1	
-1	709	-1	
-1	708	-1	

3 3
-1	711	-1	
-1	710	-1	
-1	709	-1	

3 3
-1	712	-1	
-1	711	-1	
-1	710	-1	

3 3
-1	713	-1	
-1	712	-1	
-1	711	-1	

3 3
-1	714	-1	
-1	713	-1	
-1	712	-1	

3 3
-1	715	-1	
-1	714	-1	
-1	713	-1	

3 3
-1	716	-1	
-1	715	-1	
-1	714	-1	

3 3
-1	717	-1	
-1	716	-1	
-1	715	-1	

3 3
-1	718	-1	
-1	717	-1	
-1	716	-1	

3 3
-1	719	-1	
-1	718	-1	
-1	717	-1	

3 3
-1	720	-1	
-1	719	-1	
-1	718	-1	

3 3
-1	721	-1	
-1	720	-1	
-1	719	-1	

3 3
-1	722	-1	
-1	721	-1	
-1	720	-1	

3 3
-1	723	-1	
-1	722	-1	
-1	721	-1	

3 3
-1	724	-1	
-1	723	-1	
-1	722	-1	

3 3
-1	725	-1	
-1	724	-1	
-1	723	-1	

3 3
-1	726	-1	
-1	725	-1	
-1	724	-1	

3 3
-1	727	-1	
-1	726	-1	
-1	725	-1	

3 3
-1	728	-1	
-1	727	-1	
-1	726	-1	

3 3
-1	729	-1	
-1	728	-1	
-1	727	-1	

3 3
-1	730	-1	
-1	729	-1	
-1	728	-1	

3 3
-1	731	-1	
-1	730	-1	
-1	729	-1	

3 3
-1	732	-1	
-1	731	-1	
-1	730	-1	

3 3
-1	733	-1	
-1	732	-1	
-1	731	-1	

3 3
-1	734	-1	
-1	733	-1	
-1	732	-1	

3 3
-1	735	-1	
-1	734	-1	
-1	733	-1	

3 3
-1	736	-1	
-1	735	-1	
-1	734	-1	

3 3
-1	737	-1	
-1	736	-1	
-1	735	-1	

3 3
-1	738	-1	
-1	737	-1	
-1	736	-1	

3 3
-1	739	-1	
-1	738	-1	
-1	737	-1	

3 3
-1	740	-1	
-1	739	-1	
-1	738	-1	

3 3
-1	741	-1	
-1	740	-1	
-1	739	-1	

3 3
-1	742	-1	
-1	741	-1	
-1	740	-1	

3 3
-1	743	-1	
-1	742	-1	
-1	741	-1	

3 3
-1	744	-1	
-1	743	-1	
-1	742	-1	

3 3
-1	745	-1	
-1	744	-1	
-1	743	-1	

3 3
-1	746	-1	
-1	745	-1	
-1	744	-1	

3 3
-1	747	-1	
-1	746	-1	
-1	745	-1	

3 3
-1	748	-1	
-1	747	-1	
-1	746	-1	

3 3
-1	749	-1	
-1	748	-1	
-1	747	-1	

3 3
-1	750	-1	
-1	749	-1	
-1	748	-1	

3 3
-1	751	-1	
-1	750	-1	
-1	749	-1	

3 3
-1	752	-1	
-1	751	-1	
-1	750	-1	

3 3
-1	753	-1	
-1	752	-1	
-1	751	-1	

3 3
-1	754	-1	
-1	753	-1	
-1	752	-1	

3 3
-1	755	-1	
-1	754	-1	
-1	753	-1	

3 3
-1	756	-1	
-1	755	-1	
-1	754	-1	

3 3
-1	757	-1	
-1	756	-1	
-1	755	-1	

3 3
-1	758	-1	
-1	757	-1	
-1	756	-1	

3 3
-1	759	-1	
-1	758	-1	
-1	757	-1	

3 3
-1	760	-1	
-1	759	-1	
-1	758	-1	

3 3
-1	761	-1	
-1	760	-1	
-1	759	-1	

3 3
-1	762	-1	
-1	761	-1	
-1	760	-1	

3 3
-1	763	-1	
-1	762	-1	
-1	761	-1	

3 3
-1	764	-1	
-1	763	-1	
-1	762	-1	

3 3
-1	765	-1	
-1	764	-1	
-1	763	-1	

3 3
-1	766	-1	
-1	765	-1	
-1	764	-1	

3 3
-1	767	-1	
-1	766	-1	
-1	765	-1	

3 3
-1	768	-1	
-1	767	-1	
-1	766	-1	

3 3
-1	769	-1	
-1	768	-1	
-1	767	-1	

3 3
-1	770	-1	
-1	769	-1	
-1	768	-1	

3 3
-1	771	-1	
-1	770	-1	
-1	769	-1	

3 3
-1	772	-1	
-1	771	-1	
-1	770	-1	

3 3
-1	773	-1	
-1	772	-1	
-1	771	-1	

3 3
-1	774	-1	
-1	773	-1	
-1	772	-1	

3 3
-1	775	-1	
-1	774	-1	
-1	773	-1	

3 3
-1	-1	-1	
-1	775	-1	
-1	774	-1	

3 3
359	360c	361	
-1	776	-1	
458h	457b	456b	

3 3
-1	-1	-1	
778h	777	374h	
-1	-1	-1	

3 3
-1	777h	-1	
-1	778	-1	
-1	779	-1	

3 3
-1	778	-1	
-1	779	-1	
-1	780h	-1	

3 3
-1	-1	-1	
781h	780	779h	
-1	-1	-1	

3 3
-1	780h	-1	
-1	781	-1	
-1	782	-1	

3 3
-1	781	-1	
-1	782	-1	
-1	783h	-1	

3 3
-1	-1	-1	
784h	783	782h	
-1	-1	-1	

3 3
-1	783h	-1	
-1	784	-1	
786f	785	797g	

3 3
-1	784	-1	
786f	785	797g	
-1	-1	-1	

3 3
-1	-1	-1	
-1	786	785f	
-1	-1	784f	

3 3
-1	-1	-1	
788g	787	366d	
-1	-1	364g	

3 3
-1	789e	-1	
-1	788	-1	
-1	787c	-1	

3 3
-1	788e	-1	
-1	789	-1	
-1	790g	-1	

3 3
-1	-1	-1	
791c	790	789c	
-1	-1	-1	

3 3
-1	790g	-1	
-1	791	-1	
-1	792g	-1	

3 3
-1	-1	-1	
793c	792	791c	
-1	-1	-1	

3 3
-1	792g	-1	
-1	793	-1	
-1	794g	-1	

3 3
-1	-1	-1	
795c	794	793c	
-1	-1	-1	

3 3
-1	794g	-1	
-1	795	-1	
-1	796g	-1	

3 3
-1	-1	-1	
-1	796	795c	
-1	-1	-1	

3 3
-1	785c	784c	
-1	797	-1	
799c	798d	-1	

3 3
-1	799f	-1	
797d	798	-1	
-1	-1	-1	

3 3
797g	798f	-1	
-1	799	-1	
-1	800f	-1	

3 3
-1	801c	-1	
-1	800	-1	
-1	799f	-1	

3 3
-1	-1	-1	
802d	801	800g	
-1	-1	-1	

3 3
-1	803b	-1	
-1	802	-1	
-1	801d	-1	

3 3
-1	804g	830h	
-1	803	-1	
-1	802b	-1	

3 3
-1	-1	-1	
803c	804	805b	
-1	830f	826d	

3 3
-1	-1	-1	
806b	805	804b	
822c	826c	830e	

3 3
-1	-1	-1	
805b	806	807b	
826d	822d	818c	

3 3
-1	-1	-1	
808b	807	806b	
814g	818d	822c	

3 3
-1	-1	-1	
807b	808	809b	
818c	814h	810c	

3 3
-1	-1	-1	
-1	809	808b	
-1	810d	814g	

3 3
-1	-1	-1	
809d	810	811d	
808g	814b	815b	

3 3
-1	810d	814g	
-1	811	815g	
-1	812g	816c	

3 3
-1	-1	-1	
813c	812	811c	
817b	816e	815	

3 3
-1	812g	816c	
-1	813	817d	
-1	-1	-1	

3 3
811c	810b	809c	
815	814	808h	
819e	818b	807c	

3 3
812	811c	810b	
816e	815	814	
820c	819e	818b	

3 3
819	820g	821d	
815e	816	817f	
811g	812e	813g	

3 3
812b	813d	-1	
816f	817	-1	
820d	821g	-1	

3 3
808g	814b	815b	
807d	818	819f	
806g	822f	823e	

3 3
822	823b	824d	
818f	819	820g	
814e	815e	816	

3 3
815g	819c	823h	
816c	820	824b	
817d	821b	825d	

3 3
824	820b	816d	
825c	821	817c	
-1	-1	-1	

3 3
805g	826	827c	
806d	822	823b	
807g	818f	819	

3 3
828d	827d	826b	
824c	823	822b	
820h	819b	818e	

3 3
827f	823g	819d	
828f	824	820b	
829d	825c	821	

3 3
820d	821g	-1	
824g	825	-1	
828h	829f	-1	

3 3
804d	830c	831b	
805g	826	827c	
806d	822	823b	

3 3
832d	828	824f	
831d	827	823d	
830	826g	822g	

3 3
833f	829g	825h	
832d	828	824f	
831d	827	823d	

3 3
832b	833d	-1	
828c	829	-1	
824d	825f	-1	

3 3
-1	831d	827	
-1	830	826g	
803h	804f	805e	

3 3
-1	-1	-1	
832	831	830d	
828d	827d	826b	

3 3
-1	-1	-1	
833c	832	831	
829b	828d	827d	

3 3
-1	832g	828f	
-1	833	829d	
-1	-1	-1	

0 0

0 52 0
53 53 1
54 65 5
66 66 0
67 76 5
77 105 6
106 196 0
197 260 6
261 261 22
262 342 6
343 355 0
356 358 32
359 363 0
364 364 16
365 366 0
367 367 16
368 369 0
370 372 16
373 374 0
375 375 32
376 377 0
378 378 16
379 379 0
380 381 32
382 385 0
386 386 32
387 387 16
388 389 32
390 394 0
395 395 32
396 396 0
397 397 32
398 486 0
487 487 16
488 488 32
489 500 0
501 523 6
524 531 7
532 533 16
534 535 0
536 543 1
544 551 2
552 559 3
560 566 4
567 573 5
574 580 6
581 587 7
588 590 0
591 594 1
595 596 0
597 600 3
601 627 5
628 628 32
629 634 0
635 635 16
636 685 0
686 686 1
687 687 18
688 690 0
691 775 6
776 798 0
799 799 16
800 802 0
803 803 16
804 833 0
-1 -1 0
